2.242477815568351, 1.2607271861801046
2.4047390794434826, 1.1244280656149432
2.5429616214615733, 1.002864448868911
2.274029616254704, 0.8944432583645197
2.5076784318056897, 0.8256009544090691
1.9230057486507712, 0.7620572121785515
1.4541906877928084, 1.0260774050025054
0.2998760264786577, 0.7363439880667578
0.6376930011048813, 0.4300712118415444
0.8917491795639587, 0.4300712118415444
0.9299221704711831, 0.43502009286706544
9.068266438840231, 0.8447108538178745
8.456379525161752, 0.7708262959346189
7.562071454092661, 0.8447108538178745
7.2516509758814625, 0.7533878873828701
6.857487877526008, 0.7886683452906742
3.921449277484151, 0.6642938754893458
3.921449277484151, 0.26597739028525264
3.0494625271860274, 0.33436714923941435
1.2645667182810716, 0.18870195409908985
0.6030312323640703, 0.18443294850412204
0.6115159188653623, 0.2690380240216146
0.6030312323640703, 0.25118864315095846
0.4822280040129902, 0.27213387683753115
0.5028706753316192, 0.24271307232444062
0.4890129816668903, 0.2345234829815371
0.39655275449210775, 0.2240322594918048
0.3697951109343929, 0.22148362089721382
0.3697951109343929, 0.22148362089721382
0.34969491758981774, 0.21157572537815109
0.32609903569814547, 0.206789246299485
0.30837394017038144, 0.2240322594918048
0.304095300601409, 0.22661022557643604
0.283576281205137, 0.20211105176967004
0.2644417953947247, 0.16077228346081707
0.20853298374867985, 0.14504096588315624
0.12610379465166657, 0.23185549399896577
0.35960460347904305, 0.12077792878476812
0.4822280040129902, 0.11940393339957714
0.2875662169101175, 0.4251786303382897
0.2875662169101175, 0.392454054205164
0.2719355706729182, 0.3622481791700702
0.25006807584394414, 0.326802758941013
0.21444241011591195, 0.2914716190003492
0.19719818464471495, 0.28815577591999403
0.23319457701485197, 0.08374933484423593
0.07415588650096842, 0.17417819626471331
1.6036038393891627, 0.59247606112115

