0.0032884427941579594, 2.1339908187177037
0.0047288689812395555, 0.5164680715397721
0.003334711386377435, 0.41083231455685415
0.022613559705496385, 0.44508935232116703
0.01808346098038659, 0.36641661242266566
0.06631349867793228, 0.12077792878476812
0.06270903202770081, 0.2140103526304644
0.05453188189384872, 0.294825617884795
2.2113637911182553, 0.14175970312246647
0.2431769068806941, 0.10057371028051433
0.05847770111941963, 0.05874137381538545
0.055299148823591174, 0.04947774954630501
0.07519926438161234, 0.0384674296048328
0.026370387091242755, 0.018708961851475973
0.016629293037222624, 0.017268995675393136
0.01859591171699092, 0.020268998854330606
0.031184015585840552, 0.02889811834063976
0.031184015585840552, 0.030251390492749056
0.028278496196534914, 0.040732201937673705
0.01808346098038659, 0.04026882375215469
0.016863268212282494, 0.033532492684185386
0.00899256312566288, 0.07730342884461344
0.0031096996631356628, 0.0917768017464651
0.01758513193684266, 0.1127648932315664
0.027117673482056244, 0.0917768017464651

