0.36466426235107147, 0.16077228346081707
0.32609903569814547, 0.14175970312246647
0.3127127804610519, 0.15183310015747262
0.3802743979025537, 0.17417819626471331
0.39105064784322074, 0.17820983866053416
0.42524652826785686, 0.17417819626471331
0.4496893697486689, 0.15010581454300098
0.42524652826785686, 0.13855267239159746
0.3697951109343929, 0.13387764818139647
0.304095300601409, 0.12788873692400513
0.2607727073750274, 0.12216773489967943
0.18389211458170462, 0.10895999653185989
0.1738966685946137, 0.10408575681597539
0.21745962800574178, 0.05484416576121026
0.304095300601409, 0.08568785169778438
0.35960460347904305, 0.09073272934568782
0.6649906422921489, 0.10408575681597539
0.8432782009217294, 0.13235462760443936
1.695777747554546, 0.24271307232444062
3.6061088768691443, 0.25700281969425587
3.135878469355439, 0.30164984437197245
3.6568470503959323, 0.34210662986071266
1.7683686845820694, 0.9256773287587012
1.4953996737237034, 0.8162087424976624
1.6490469085896804, 0.9047357242349312
1.8963243485201655, 1.1116363329806864
1.950062557721041, 1.1504548126912222
2.06215064500113, 1.0144045303845404
2.0911652313148092, 0.8544310429433237
1.8700131485896485, 0.9580020967955404
1.8700131485896485, 0.9914556497730636
1.7683686845820694, 1.1373669942511047
1.8963243485201655, 1.319765874178877
1.7438328492186659, 1.5668631106872941
2.120588054641141, 1.429813861617656
2.1806814688284932, 1.5668631106872941
2.6891290882680745, 1.5490381429554263
2.6891290882680745, 1.5490381429554263
2.72696529981223, 1.4629092679673084
2.6891290882680745, 1.3974671728716381
2.843698147993766, 1.3047519371218357
2.843698147993766, 1.16369323422813
3.007151717700291, 1.2043295474377285
3.3627844392891912, 1.3658522634858024
3.135878469355439, 1.5848931924611158
2.9242831207597826, 1.7567926140173948
3.135878469355439, 1.5668631106872941
3.7604751095742834, 1.2899088018034695
3.7604751095742834, 1.2899088018034695
3.9766243098282197, 2.3926655003446538
3.8133852254824787, 2.2596296621345027
3.6568470503959323, 2.0619860095022235
4.032575658268393, 2.038528418451517
4.032575658268393, 2.038528418451517
1.356068267388129, 0.7448171866684417
1.1628775346833682, 0.8162087424976624
1.0693656104673022, 0.727967182373064
0.8793763009634747, 0.7034042191109257
0.7231415253369501, 0.695402143229126
0.7131080512289751, 0.6874911006631336
0.7754666172719303, 0.5345032011603101
0.7974418597138544, 0.5284225791530162
0.6934568100479955, 0.5284225791530162
0.6466653808226475, 0.5284225791530162
0.6466653808226475, 0.5284225791530162
0.6030312323640703, 0.48775166183010876
0.5623413251903491, 0.47129401588029435
0.5623413251903491, 0.47129401588029435
0.6201199854271912, 0.4659324749977578
0.8086619156903158, 0.4933642787129306
0.7754666172719303, 0.47129401588029435
0.6934568100479955, 0.4203417078819718
0.7333161710422754, 0.3879894134814578
0.7333161710422754, 0.3622481791700702
0.7131080512289751, 0.33436714923941435
0.7231415253369501, 0.3157758275679999
0.8917491795639587, 0.33436714923941435
0.9042961453267793, 0.36641661242266566
0.7647071408024088, 0.4015380523018069
0.7647071408024088, 0.4015380523018069
0.786377480236649, 0.3581271669000181
0.786377480236649, 0.326802758941013
0.7647071408024088, 0.294825617884795
0.7540969503644451, 0.27526535400317537
0.6934568100479955, 0.28163682583546645
0.6743471014991149, 0.28815577591999403
0.6115159188653623, 0.28815577591999403
0.5623413251903491, 0.3157758275679999
0.4755371668491995, 0.3879894134814578
0.4890129816668903, 0.43502009286706544
0.5392574037882268, 0.5047840108338197
0.49589342437338124, 0.47129401588029435
0.5028706753316192, 0.38357556345943533
0.5392574037882268, 0.4061585988376984
0.5545389283863322, 0.4300712118415444
0.5099460966396583, 0.5047840108338197
0.5864133970073864, 0.5790724711483478
0.6649906422921489, 0.5790724711483478
0.7032137899848009, 0.5790724711483478
0.8086619156903158, 0.5659721106829436
0.9562743882108908, 0.5595334916732492
0.9042961453267793, 0.6345772116311361
0.7754666172719303, 0.6719379848025506
0.5946642695438878, 0.6345772116311361
0.5864133970073864, 0.6345772116311361
0.5545389283863322, 0.7708262959346189
0.46243270737750003, 0.7620572121785515
0.42524652826785686, 0.7034042191109257
0.4193463000533409, 0.5790724711483478
0.40213227611969987, 0.5047840108338197
0.3802743979025537, 0.49904148065150605
0.3400583146185329, 0.5468751616738114
0.34484295600499104, 0.59247606112115
0.34969491758981774, 0.5164680715397721
0.39105064784322074, 0.4300712118415444
0.41352793657061904, 0.34210662986071266
0.4312297730559772, 0.30164984437197245
0.4193463000533409, 0.28815577591999403
0.3802743979025537, 0.27213387683753115
0.2875662169101175, 0.25118864315095846
0.2607727073750274, 0.25118864315095846
0.20278640445992802, 0.2345234829815371
0.19719818464471495, 0.2240322594918048
0.19997277522234552, 0.20443676788739912
0.20278640445992802, 0.1802605206518535
0.21146705564633256, 0.2483310677646735
0.2056396216338072, 0.25700281969425587
0.22362201841729584, 0.23185549399896577
0.23319457701485197, 0.19087337012138303
0.16910456819800163, 0.18443294850412204
0.1714838798656105, 0.206789246299485
0.16675826910286343, 0.2345234829815371
0.1738966685946137, 0.2599601819702478
0.131501903354114, 0.3086320288666068
0.12610379465166657, 0.3230849813042329
0.12092727648760856, 0.33436714923941435
0.14912267629006898, 0.3157758275679999
0.1644445245359829, 0.326802758941013
0.1644445245359829, 0.326802758941013
0.17634340540932247, 0.3622481791700702
0.18134064062305374, 0.39697007008525115
0.1714838798656105, 0.4502110488907464
0.1533485280444507, 0.49904148065150605
0.12262873069990543, 0.5468751616738114
0.13906053103110452, 0.4659324749977578
0.10369950874872547, 0.4155598112834437
0.1644445245359829, 0.7620572121785515
0.10813856010449363, 2.233923634888862
0.08527569011250884, 2.1339908187177037
0.08892607546510725, 2.015337685941735
0.131501903354114, 2.0619860095022235
0.31711266850127384, 1.925183140214821
0.33068726917226504, 1.925183140214821
0.34969491758981774, 1.2463848857844493
0.35960460347904305, 1.177083991869729
0.3697951109343929, 0.4015380523018069
0.3749981508726204, 0.33056331749103984
0.38562488205247375, 0.3086320288666068
0.4434500009807063, 0.1865552405669288
0.5171210695603525, 0.17417819626471331
0.4822280040129902, 0.16262230941266365
0.5545389283863322, 0.14839817889675677
0.5623413251903491, 0.13541819433883245
0.3127127804610519, 0.1127648932315664
0.27576172086527945, 0.1127648932315664
0.2719355706729182, 0.10408575681597539
0.27576172086527945, 0.10173102402942169
0.24659842090600897, 0.12788873692400513
0.30837394017038144, 0.14839817889675677
0.30837394017038144, 0.15358026185471305
0.31711266850127384, 0.17219670808821805
0.33068726917226504, 0.17820983866053416
0.34484295600499104, 0.18443294850412204
0.407790301959507, 0.19529144992538472
0.7131080512289751, 0.2690380240216146
0.6649906422921489, 0.3581271669000181
0.5623413251903491, 0.36641661242266566
0.5623413251903491, 0.33056331749103984
0.5392574037882268, 0.3194094978959391
0.23647563904544608, 0.26597739028525264
0.2796417052260001, 0.28815577591999403
0.29571529411596614, 0.2914716190003492
0.40213227611969987, 0.3086320288666068
0.40213227611969987, 0.41083231455685415
0.40213227611969987, 0.4502110488907464
0.36466426235107147, 0.36641661242266566
0.4372972024659921, 0.27843286545221346
0.46893916399113195, 0.23995191683307934
0.407790301959507, 0.206789246299485
0.25715452737036687, 0.19981179349275033
0.2299590392001642, 0.18443294850412204
0.3353400593733555, 0.20211105176967004
0.41352793657061904, 0.23995191683307934
0.5468447886019564, 0.25700281969425587
0.7032137899848009, 0.23995191683307934
0.5702535021969302, 0.17618248566335243
0.14300124081209, 0.15358026185471305
0.1352284160671271, 0.15183310015747262
0.15991289849841558, 0.294825617884795
0.1621628828084369, 0.34210662986071266
0.147053622779733, 0.41083231455685415
0.1533485280444507, 0.4933642787129306
0.16675826910286343, 0.5224111315939112
0.16910456819800163, 0.5531681197617233
0.19176396036379972, 0.59247606112115
0.23647563904544608, 0.6642938754893458
0.4890129816668903, 0.7886683452906742
0.5864133970073864, 0.8351012436296191
0.6466653808226475, 0.8069233783849629
0.6557640024744797, 0.7886683452906742
0.5946642695438878, 0.6567367271881898
0.39105064784322074, 1.2607271861801046
0.34969491758981774, 1.736806967892439
0.3802743979025537, 1.9032818476780322
0.40213227611969987, 1.9924107761334051
0.2916122912556861, 1.925183140214821
0.3749981508726204, 1.3658522634858024
0.35960460347904305, 1.3349525784106877
0.047421018101045875, 2.1097140856551326
1.1151418047833173, 0.5105926209998085
1.1958312623948666, 0.4659324749977578
1.356068267388129, 0.47129401588029435
1.4953996737237034, 0.4400259212602094
1.2645667182810716, 0.6273581264133199
1.4340140223645177, 0.6796700557986008
1.5813540901516796, 0.7196856730011533
1.6261666439658764, 0.8256009544090691
1.9230057486507712, 0.8544310429433237
2.120588054641141, 0.8642630834510626
1.3944966513829058, 0.8544310429433237
1.2823592497267782, 0.9801766396002917
1.5377764435881003, 0.9690259418442246
1.5813540901516796, 1.0260774050025054
1.8963243485201655, 1.3349525784106877
1.9775000577578286, 1.350314037869875
2.338471271155488, 1.1504548126912222
2.4047390794434826, 0.9256773287587012
2.5076784318056897, 0.8256009544090691
2.5076784318056897, 0.8842678817731716
2.72696529981223, 1.177083991869729
2.5787412477643987, 1.446266901242158
2.5076784318056897, 1.6402378608653527
3.3161263379077393, 1.7770082373697653
3.921449277484151, 1.5668631106872941
4.768678660021776, 1.2752345251468995
1.8700131485896485, 0.3086320288666068
0.9170196476690151, 0.37063301233673945
0.8671750940935296, 0.4400259212602094
0.8551431770360572, 0.5992937542292351
1.011240300286428, 0.5284225791530162
0.9697292276250552, 0.4606319281437179
1.1628775346833682, 0.4502110488907464
0.9042961453267793, 0.37921192633328077
1.0545283320250476, 0.5406537936144665
1.099669388896537, 0.6131653992394365
0.9430062325621587, 0.7363439880667578
1.0254685134616666, 0.6273581264133199
1.2645667182810716, 0.5659721106829436
1.0844116503291314, 0.4300712118415444
0.8086619156903158, 0.4251786303382897
0.5392574037882268, 0.37063301233673945
0.4193463000533409, 0.33056331749103984
0.46893916399113195, 0.3540530361413345
0.5392574037882268, 0.312183494645927
0.5545389283863322, 0.26597739028525264
0.5545389283863322, 0.2292178566260528
0.5317752927368374, 0.206789246299485
0.5171210695603525, 0.19087337012138303
0.7131080512289751, 0.18870195409908985
0.7231415253369501, 0.17618248566335243
0.4434500009807063, 0.13855267239159746
0.2796417052260001, 0.14504096588315624
0.283576281205137, 0.1865552405669288
0.2796417052260001, 0.20443676788739912
0.2535865490400985, 0.17219670808821805
0.23980286582046317, 0.1264338474742562
0.19719818464471495, 0.1802605206518535
0.18389211458170462, 0.22148362089721382
0.18134064062305374, 0.30164984437197245
0.20278640445992802, 0.28163682583546645
0.20278640445992802, 0.27526535400317537
0.21745962800574178, 0.326802758941013
0.22362201841729584, 0.37063301233673945
0.25006807584394414, 0.392454054205164
0.3697951109343929, 0.5406537936144665
0.31711266850127384, 0.5047840108338197
0.2875662169101175, 0.49904148065150605
0.19997277522234552, 0.4015380523018069
0.20853298374867985, 0.4300712118415444
0.23319457701485197, 0.45539168143714515
0.18910326579193648, 0.5164680715397721
0.09806292753400887, 0.11021381228267109
0.10226069449233872, 0.10057371028051433
0.1127676333531031, 0.1553475283511913
0.07111181241497871, 0.17023776174231808

