0.0004100757403762393, 0.01080290041607658
0.0005056889864943137, 0.012825506767183328
0.0005422796423780188, 0.015053578497368533
0.0007271943324164654, 0.015579251340306468
0.0006412669166095004, 0.012679601076564562
0.000779812677463872, 0.0055634170213332305
0.0008246357069136752, 0.002497557686301505
0.0010312156955906984, 0.0024691449392892435
0.0010604383783159022, 0.003104026825451742
0.0010904891760410117, 0.004632746208708096
0.0008967469390086328, 0.0017517747448309805
0.0007071549131627779, 0.0016734104799051668
0.000659439195916706, 0.0019196843026853317
0.0015902167025549706, 0.001792322468258175
0.005362520087702405, 0.0023858314082658397
0.0031978226106577413, 0.0034802857782984566
0.0018544019849799087, 0.0032867765996606162
0.0015681526977203428, 0.004476428756929071
0.0031534533285162117, 0.005135219433580312
0.0044718315623729155, 0.004038417173880388
0.00440978560784778, 0.004632746208708096
0.006166639262212078, 0.006309573444801942
0.00699294631515852, 0.008115527807626293
0.00911908904151836, 0.008893410175181898
0.007711447785882292, 0.009745853432934343
0.006895920292819519, 0.01130879025024363
0.006430613785406645, 0.014380168507339725
0.005913500804006189, 0.01522680183094816
0.002073707855367653, 0.01020224273461357
0.0020449354873797398, 0.01211238909862648
0.0013076901556727965, 0.00784169484342348
0.0015037805593069897, 0.008495570468268463
0.0015902167025549706, 0.007321436049371081
0.0014023120315029335, 0.005890963547716914
0.0014829158422671926, 0.005500126406979121
0.0017782794100389264, 0.0069143530778525775
0.0019885828485436113, 0.007752486056393025
0.002192902978706408, 0.008593330016765951
0.0021624767972644007, 0.0075771015114493466
0.0031534533285162117, 0.010086179853116932
0.0035760045133175883, 0.009745853432934343
0.0035760045133175883, 0.009417010257544222
0.0031978226106577413, 0.00909926286096351
0.0030665530729310523, 0.009417010257544222
0.0030665530729310523, 0.009525372924231782
0.0031534533285162117, 0.009525372924231782
0.0034292107362621435, 0.009858000137488766
0.003334711386377435, 0.010086179853116932
0.0032884427941579594, 0.011052951411260243
0.002859635498543261, 0.010319641165610375
0.00266667981608177, 0.009745853432934343
0.002593193661875603, 0.0109272106870682
0.0034292107362621435, 0.00802320383860097
0.0033816309805330814, 0.0075771015114493466
0.00281995850900859, 0.0069143530778525775
0.0032884427941579594, 0.008495570468268463
0.0036773416494409027, 0.009525372924231782
0.00440978560784778, 0.011974595986154694
0.0034292107362621435, 0.013736882983380555
0.0032428161713259117, 0.01211238909862648
0.002899870745759208, 0.014216576654373248
0.002593193661875603, 0.017467712080199236
0.0027042001649865426, 0.019585085229823145
0.0025572135106164563, 0.023790168361803254
0.0021624767972644007, 0.02792304221587251
0.0018804935348789842, 0.02792304221587251
0.001462340619871051, 0.012392750374905215
0.001462340619871051, 0.01211238909862648
0.0011858482751089402, 0.009971437327625498
0.0009616337756540256, 0.008692214496115114
0.0009351338683530425, 0.008692214496115114
0.0011531696502945755, 0.008593330016765951
0.0013260894365329473, 0.010438390514435644
0.001681621128451203, 0.009971437327625498
0.002859635498543261, 0.011180139049049269
0.000922159034068372, 0.013122374331203128
0.0009351338683530425, 0.012535355240089684
0.0007689929000976668, 0.03203244300709062
0.000581517925822849, 0.046195138474927275
0.0013260894365329473, 0.0229874439456199
0.0016125911492936604, 0.022467398844410544
0.0017052816410799124, 0.023519526350709613
0.0015249388441978696, 0.019585085229823145
0.0017052816410799124, 0.019585085229823145
0.0019069521944887085, 0.019585085229823145
0.0019609915765403494, 0.019585085229823145
0.001729275058575472, 0.017467712080199236
0.0034292107362621435, 0.020268998854330606
0.0036773416494409027, 0.019810453154967596
0.0036263191165990067, 0.01807768676963438
0.0032884427941579594, 0.02170930712575358
0.0017782794100389264, 0.03470345152052935
0.001729275058575472, 0.03203244300709062
0.0016125911492936604, 0.028244356012267408
0.002132472774269956, 0.03759718068244572
0.002132472774269956, 0.0467267114748753
0.001462340619871051, 0.0446364288012987
0.0016125911492936604, 0.05299362186121772
0.0017052816410799124, 0.05741246731480779
0.002132472774269956, 0.06291551616889256
0.002418216307930695, 0.06219977588635295
0.0012540099166086294, 0.06437179983574128
0.0066128450947076705, 0.026070482461945405
0.004862876093891834, 0.02760538375350997
0.004795404458438987, 0.036746619407366954
0.00440978560784778, 0.0384674296048328
0.004862876093891834, 0.04835841408076618
0.007929975483785223, 0.04215457552116695
0.006521092916588895, 0.04313031288378544
0.006430613785406645, 0.04891488015261472
0.00760445266945803, 0.05807311946333453
0.008154695839160099, 0.06973940871117358
0.006895920292819519, 0.033918355100022515
0.01093540699926102, 0.02760538375350997
0.014062361315788429, 0.03059949687207199
0.009509448697620599, 0.024620924014946307
0.012058982908159425, 0.02170930712575358
0.01005604445239992, 0.020976794828100182
0.01093540699926102, 0.02146233743429915
0.01005604445239992, 0.019810453154967596
0.010783679959472893, 0.019810453154967596
0.0115639657341197, 0.020738158352215007
0.011089268847824027, 0.01707253991063866
0.010197533615883499, 0.015579251340306468
0.009509448697620599, 0.01575852365434891
0.011891666430625995, 0.01575852365434891
0.004055176007721279, 0.07135364265577218
0.00428826438762473, 0.11537502316781674
0.0018032999106301338, 0.10772044445548681
0.0019609915765403494, 0.11406249238513226
0.0020449354873797398, 0.1865552405669288
0.002192902978706408, 0.16449362383506516
0.00886779273684635, 0.1553475283511913
0.012228653538814907, 0.14839817889675677
0.01124529554205256, 0.09283288841360396
0.0124007114456716, 0.06291551616889256
0.0003987752126894264, 0.016308813270292027
0.0004336465767049236, 0.015939858876414355

