0.0010027983073579623, 0.07909274454402868
0.0012366107276689901, 0.07909274454402868
0.0015681526977203428, 0.07909274454402868
0.0019609915765403494, 0.08000287424337381
0.002593193661875603, 0.08092347691434745
0.0032884427941579594, 0.08185467307069046
0.003998911083012673, 0.08279658461290966
0.005214744199602879, 0.08374933484423593
0.006253404255629261, 0.0847130484867649
0.0083857843400889, 0.08667387208628945
0.01005604445239992, 0.08868008219069301
0.013298002423605107, 0.0897005345344246
0.016171036749721118, 0.0917768017464651
0.019941475145606003, 0.09283288841360396
0.04010101265320092, 0.10057371028051433
0.0515678043895781, 0.10408575681597539
0.06539340938879327, 0.11021381228267109
0.08292573325760133, 0.11804556887788516
0.09944267895129953, 0.12357353368027461
0.12787808279267737, 0.13855267239159746
0.15122084151045842, 0.14839817889675677
0.18910326579193648, 0.17023776174231808
0.21444241011591195, 0.19306977288832536
0.25006807584394414, 0.2292178566260528
0.2796417052260001, 0.25700281969425587
0.32609903569814547, 0.3051209653167379
0.46243270737750003, 0.5047840108338197
0.5317752927368374, 0.6131653992394365
0.5864133970073864, 0.695402143229126
0.6557640024744797, 0.8447108538178745
0.7333161710422754, 0.9690259418442246
0.8086619156903158, 1.177083991869729
0.9833733774567031, 1.6402378608653527
1.099669388896537, 1.9032818476780322
1.212656681751818, 2.3119325274763334
1.3372530349989455, 2.8083239579697263
1.4746512401437206, 3.372487204202717
1.5594130526601815, 3.82479969144439
1.7683686845820694, 4.753556207866387
1.8963243485201655, 5.708496500196364
2.0911652313148092, 6.777287364859463
2.3060253527158725, 8.046185895761477
2.472884790816914, 9.773769931776858

