0.5317752927368374, 6.2556622395069645
0.36466426235107147, 6.327646895319203
0.26816250770835837, 5.643555430858886
0.33068726917226504, 4.096588676766988
0.25006807584394414, 3.5710426000636017
0.23980286582046317, 3.5304176605388355
0.33068726917226504, 3.25869322927541
0.3127127804610519, 2.8406396786374786
0.2916122912556861, 2.6826957952797295
0.2796417052260001, 2.3385362124068374
0.25715452737036687, 1.7170486827250855
0.07012514728286048, 0.8842678817731716
0.08064053456780074, 0.27526535400317537
0.09670231994906034, 0.27526535400317537
0.11435428088501082, 0.21157572537815109
0.055299148823591174, 0.19306977288832536
0.03845487963262198, 0.2292178566260528
0.017832555823965455, 0.294825617884795
0.6030312323640703, 4.489251258218611
0.5171210695603525, 4.387690896376843
0.5171210695603525, 3.9583621747981774
0.5468447886019564, 3.612135015640802
0.49589342437338124, 3.372487204202717
0.5545389283863322, 2.562687509604303
0.5702535021969302, 2.3385362124068374
0.5864133970073864, 2.3654460291311863
0.7333161710422754, 2.448047700166882
0.6557640024744797, 3.450548997718844
0.5782770040202713, 1.0864877766357304
0.4312297730559772, 1.0144045303845404
0.41352793657061904, 0.9471036613508824
0.3215744632366368, 0.9690259418442246
0.2719355706729182, 0.8642630834510626
0.25715452737036687, 0.8642630834510626
0.2916122912556861, 0.5992937542292351

