Index,T (C),P (kbars),log(10) f O2,mass (gm),rho (gm/cc),wt% SiO2,wt% TiO2,wt% Al2O3,wt% Fe2O3,wt% Cr2O3,wt% FeO,wt% MnO,wt% MgO,wt% NiO,wt% CoO,wt% CaO,wt% Na2O,wt% K2O,wt% P2O5,wt% H2O,wt% CO2,wt% SO3,wt% Cl2O-1,wt% F2O-1,G (kJ),H (kJ),S (J/K),V (cc),Cp (J/K),      leucite,     analcime,   na-leucite
354,1047.00,0.001,-9.524,0.0808,2.4194,55.4425,0.0000,23.5211,0.0000,0.0000,0.0000,0.0000,0.0000,0.0000,0.0000,0.0000,1.3367,19.6997,0.0000,0.0000,0.0000,0.0000,0.0000,0.0000,-1.297,-1.034,0.199,0.033,0.091,0.906510,0.000000,0.093490
355,1046.00,0.001,-9.539,0.1705,2.4195,55.4396,0.0000,23.5199,0.0000,0.0000,0.0000,0.0000,0.0000,0.0000,0.0000,0.0000,1.3268,19.7137,0.0000,0.0000,0.0000,0.0000,0.0000,0.0000,-2.735,-2.182,0.420,0.070,0.193,0.907200,0.000000,0.092800
356,1045.00,0.001,-9.553,0.2540,2.4197,55.4368,0.0000,23.5187,0.0000,0.0000,0.0000,0.0000,0.0000,0.0000,0.0000,0.0000,1.3169,19.7277,0.0000,0.0000,0.0000,0.0000,0.0000,0.0000,-4.072,-3.249,0.625,0.105,0.287,0.907887,0.000000,0.092113
357,1045.00,0.001,-9.553,0.2540,2.4197,55.4368,0.0000,23.5187,0.0000,0.0000,0.0000,0.0000,0.0000,0.0000,0.0000,0.0000,1.3169,19.7277,0.0000,0.0000,0.0000,0.0000,0.0000,0.0000,-4.072,-3.249,0.625,0.105,0.287,0.907887,0.000000,0.092113
358,1044.00,0.001,-9.567,0.3316,2.4199,55.4340,0.0000,23.5175,0.0000,0.0000,0.0000,0.0000,0.0000,0.0000,0.0000,0.0000,1.3071,19.7415,0.0000,0.0000,0.0000,0.0000,0.0000,0.0000,-5.316,-4.242,0.815,0.137,0.375,0.908568,0.000000,0.091432
359,1043.00,0.001,-9.582,0.4039,2.4200,55.4312,0.0000,23.5163,0.0000,0.0000,0.0000,0.0000,0.0000,0.0000,0.0000,0.0000,1.2973,19.7552,0.0000,0.0000,0.0000,0.0000,0.0000,0.0000,-6.474,-5.168,0.993,0.167,0.456,0.909245,0.000000,0.090755
360,1042.00,0.001,-9.596,0.4712,2.4202,55.4285,0.0000,23.5151,0.0000,0.0000,0.0000,0.0000,0.0000,0.0000,0.0000,0.0000,1.2877,19.7688,0.0000,0.0000,0.0000,0.0000,0.0000,0.0000,-7.552,-6.029,1.158,0.195,0.532,0.909915,0.000000,0.090085
361,1041.00,0.001,-9.610,0.5340,2.4203,55.4257,0.0000,23.5140,0.0000,0.0000,0.0000,0.0000,0.0000,0.0000,0.0000,0.0000,1.2781,19.7822,0.0000,0.0000,0.0000,0.0000,0.0000,0.0000,-8.555,-6.832,1.311,0.221,0.603,0.910580,0.000000,0.089420
362,1040.00,0.001,-9.625,0.5924,2.4205,55.4230,0.0000,23.5128,0.0000,0.0000,0.0000,0.0000,0.0000,0.0000,0.0000,0.0000,1.2686,19.7955,0.0000,0.0000,0.0000,0.0000,0.0000,0.0000,-9.491,-7.581,1.454,0.245,0.669,0.911238,0.000000,0.088762
363,1040.00,0.001,-9.625,0.5924,2.4205,55.4230,0.0000,23.5128,0.0000,0.0000,0.0000,0.0000,0.0000,0.0000,0.0000,0.0000,1.2686,19.7955,0.0000,0.0000,0.0000,0.0000,0.0000,0.0000,-9.491,-7.581,1.454,0.245,0.669,0.911238,0.000000,0.088762
364,1039.00,0.001,-9.639,0.6470,2.4207,55.4203,0.0000,23.5117,0.0000,0.0000,0.0000,0.0000,0.0000,0.0000,0.0000,0.0000,1.2593,19.8087,0.0000,0.0000,0.0000,0.0000,0.0000,0.0000,-10.362,-8.279,1.588,0.267,0.730,0.911890,0.000000,0.088110
365,1038.00,0.001,-9.654,0.6978,2.4208,55.4177,0.0000,23.5105,0.0000,0.0000,0.0000,0.0000,0.0000,0.0000,0.0000,0.0000,1.2500,19.8218,0.0000,0.0000,0.0000,0.0000,0.0000,0.0000,-11.175,-8.931,1.712,0.288,0.787,0.912535,0.000000,0.087465
366,1037.00,0.001,-9.668,0.7453,2.4210,55.4150,0.0000,23.5094,0.0000,0.0000,0.0000,0.0000,0.0000,0.0000,0.0000,0.0000,1.2408,19.8347,0.0000,0.0000,0.0000,0.0000,0.0000,0.0000,-11.932,-9.538,1.827,0.308,0.841,0.913173,0.000000,0.086827
367,1036.00,0.001,-9.683,0.7896,2.4211,55.4124,0.0000,23.5083,0.0000,0.0000,0.0000,0.0000,0.0000,0.0000,0.0000,0.0000,1.2317,19.8475,0.0000,0.0000,0.0000,0.0000,0.0000,0.0000,-12.639,-10.105,1.935,0.326,0.891,0.913804,0.000000,0.086196
368,1035.00,0.001,-9.697,0.8308,2.4213,55.4099,0.0000,23.5072,0.0000,0.0000,0.0000,0.0000,0.0000,0.0000,0.0000,0.0000,1.2228,19.8601,0.0000,0.0000,0.0000,0.0000,0.0000,0.0000,-13.297,-10.634,2.036,0.343,0.937,0.914428,0.000000,0.085572
369,1035.00,0.001,-9.697,0.8308,2.4213,55.4099,0.0000,23.5072,0.0000,0.0000,0.0000,0.0000,0.0000,0.0000,0.0000,0.0000,1.2228,19.8601,0.0000,0.0000,0.0000,0.0000,0.0000,0.0000,-13.297,-10.634,2.036,0.343,0.937,0.914428,0.000000,0.085572
370,1034.00,0.001,-9.712,0.8693,2.4214,55.4073,0.0000,23.5062,0.0000,0.0000,0.0000,0.0000,0.0000,0.0000,0.0000,0.0000,1.2139,19.8726,0.0000,0.0000,0.0000,0.0000,0.0000,0.0000,-13.910,-11.127,2.129,0.359,0.980,0.915046,0.000000,0.084954
371,1033.00,0.001,-9.727,0.9052,2.4216,55.4048,0.0000,23.5051,0.0000,0.0000,0.0000,0.0000,0.0000,0.0000,0.0000,0.0000,1.2051,19.8850,0.0000,0.0000,0.0000,0.0000,0.0000,0.0000,-14.482,-11.587,2.216,0.374,1.020,0.915656,0.000000,0.084344
372,1032.00,0.001,-9.741,0.9387,2.4217,55.4023,0.0000,23.5040,0.0000,0.0000,0.0000,0.0000,0.0000,0.0000,0.0000,0.0000,1.1964,19.8972,0.0000,0.0000,0.0000,0.0000,0.0000,0.0000,-15.014,-12.016,2.297,0.388,1.058,0.916260,0.000000,0.083740
373,1031.00,0.001,-9.756,0.9698,2.4219,55.3999,0.0000,23.5030,0.0000,0.0000,0.0000,0.0000,0.0000,0.0000,0.0000,0.0000,1.1878,19.9093,0.0000,0.0000,0.0000,0.0000,0.0000,0.0000,-15.509,-12.415,2.372,0.400,1.093,0.916857,0.000000,0.083143
374,1030.00,0.001,-9.771,0.9987,2.4220,55.3974,0.0000,23.5020,0.0000,0.0000,0.0000,0.0000,0.0000,0.0000,0.0000,0.0000,1.1793,19.9213,0.0000,0.0000,0.0000,0.0000,0.0000,0.0000,-15.969,-12.786,2.442,0.412,1.125,0.917448,0.000000,0.082552
375,1030.00,0.001,-9.771,0.9987,2.4220,55.3974,0.0000,23.5020,0.0000,0.0000,0.0000,0.0000,0.0000,0.0000,0.0000,0.0000,1.1793,19.9213,0.0000,0.0000,0.0000,0.0000,0.0000,0.0000,-15.969,-12.786,2.442,0.412,1.125,0.917448,0.000000,0.082552
376,1029.00,0.001,-9.785,1.0256,2.4222,55.3950,0.0000,23.5009,0.0000,0.0000,0.0000,0.0000,0.0000,0.0000,0.0000,0.0000,1.1710,19.9331,0.0000,0.0000,0.0000,0.0000,0.0000,0.0000,-16.395,-13.131,2.507,0.423,1.155,0.918032,0.000000,0.081968
377,1028.00,0.001,-9.800,1.0506,2.4223,55.3927,0.0000,23.4999,0.0000,0.0000,0.0000,0.0000,0.0000,0.0000,0.0000,0.0000,1.1626,19.9448,0.0000,0.0000,0.0000,0.0000,0.0000,0.0000,-16.791,-13.451,2.567,0.434,1.183,0.918610,0.000000,0.081390
378,1027.00,0.001,-9.815,1.0736,2.4225,55.3903,0.0000,23.4989,0.0000,0.0000,0.0000,0.0000,0.0000,0.0000,0.0000,0.0000,1.1544,19.9563,0.0000,0.0000,0.0000,0.0000,0.0000,0.0000,-17.157,-13.747,2.622,0.443,1.209,0.919181,0.000000,0.080819
379,1026.00,0.001,-9.829,1.0950,2.4226,55.3880,0.0000,23.4979,0.0000,0.0000,0.0000,0.0000,0.0000,0.0000,0.0000,0.0000,1.1463,19.9678,0.0000,0.0000,0.0000,0.0000,0.0000,0.0000,-17.494,-14.021,2.673,0.452,1.232,0.919746,0.000000,0.080254
380,1025.00,0.001,-9.844,1.1146,2.4228,55.3857,0.0000,23.4970,0.0000,0.0000,0.0000,0.0000,0.0000,0.0000,0.0000,0.0000,1.1383,19.9791,0.0000,0.0000,0.0000,0.0000,0.0000,0.0000,-17.805,-14.274,2.720,0.460,1.254,0.920305,0.000000,0.079695
381,1025.00,0.001,-9.844,1.1146,2.4228,55.3857,0.0000,23.4970,0.0000,0.0000,0.0000,0.0000,0.0000,0.0000,0.0000,0.0000,1.1383,19.9791,0.0000,0.0000,0.0000,0.0000,0.0000,0.0000,-17.805,-14.274,2.720,0.460,1.254,0.920305,0.000000,0.079695
382,1024.00,0.001,-9.859,1.1327,2.4229,55.3834,0.0000,23.4960,0.0000,0.0000,0.0000,0.0000,0.0000,0.0000,0.0000,0.0000,1.1303,19.9902,0.0000,0.0000,0.0000,0.0000,0.0000,0.0000,-18.090,-14.506,2.763,0.467,1.274,0.920859,0.000000,0.079141
383,1023.00,0.001,-9.874,1.1492,2.4230,55.3812,0.0000,23.4950,0.0000,0.0000,0.0000,0.0000,0.0000,0.0000,0.0000,0.0000,1.1225,20.0013,0.0000,0.0000,0.0000,0.0000,0.0000,0.0000,-18.350,-14.718,2.802,0.474,1.292,0.921406,0.000000,0.078594
384,1023.00,0.001,-9.874,1.1492,2.4230,55.3812,0.0000,23.4950,0.0000,0.0000,0.0000,0.0000,0.0000,0.0000,0.0000,0.0000,1.1225,20.0013,0.0000,0.0000,0.0000,0.0000,0.0000,0.0000,-18.350,-14.718,2.802,0.474,1.292,0.921406,0.000000,0.078594
385,1022.00,0.001,-9.889,1.1642,2.4232,55.3789,0.0000,23.4941,0.0000,0.0000,0.0000,0.0000,0.0000,0.0000,0.0000,0.0000,1.1147,20.0123,0.0000,0.0000,0.0000,0.0000,0.0000,0.0000,-18.587,-14.911,2.838,0.480,1.309,0.921948,0.000000,0.078052
386,1022.00,0.001,-9.889,1.1642,2.4232,55.3789,0.0000,23.4941,0.0000,0.0000,0.0000,0.0000,0.0000,0.0000,0.0000,0.0000,1.1147,20.0123,0.0000,0.0000,0.0000,0.0000,0.0000,0.0000,-18.587,-14.911,2.838,0.480,1.309,0.921948,0.000000,0.078052
387,1021.00,0.001,-9.904,1.1779,2.4233,55.3767,0.0000,23.4932,0.0000,0.0000,0.0000,0.0000,0.0000,0.0000,0.0000,0.0000,1.1070,20.0231,0.0000,0.0000,0.0000,0.0000,0.0000,0.0000,-18.801,-15.087,2.870,0.486,1.324,0.922484,0.000000,0.077516
388,1021.00,0.001,-9.904,1.1779,2.4233,55.3767,0.0000,23.4932,0.0000,0.0000,0.0000,0.0000,0.0000,0.0000,0.0000,0.0000,1.1070,20.0231,0.0000,0.0000,0.0000,0.0000,0.0000,0.0000,-18.801,-15.087,2.870,0.486,1.324,0.922484,0.000000,0.077516
389,1020.00,0.001,-9.919,1.1902,2.4234,55.3745,0.0000,23.4922,0.0000,0.0000,0.0000,0.0000,0.0000,0.0000,0.0000,0.0000,1.0994,20.0338,0.0000,0.0000,0.0000,0.0000,0.0000,0.0000,-18.994,-15.245,2.899,0.491,1.338,0.923015,0.000000,0.076985
390,1020.00,0.001,-9.919,1.1902,2.4234,55.3745,0.0000,23.4922,0.0000,0.0000,0.0000,0.0000,0.0000,0.0000,0.0000,0.0000,1.0994,20.0338,0.0000,0.0000,0.0000,0.0000,0.0000,0.0000,-18.994,-15.245,2.899,0.491,1.338,0.923015,0.000000,0.076985
391,1019.00,0.001,-9.933,1.2011,2.4236,55.3724,0.0000,23.4913,0.0000,0.0000,0.0000,0.0000,0.0000,0.0000,0.0000,0.0000,1.0918,20.0445,0.0000,0.0000,0.0000,0.0000,0.0000,0.0000,-19.165,-15.386,2.924,0.496,1.350,0.923540,0.000000,0.076460
392,1018.00,0.001,-9.948,1.2108,2.4237,55.3702,0.0000,23.4904,0.0000,0.0000,0.0000,0.0000,0.0000,0.0000,0.0000,0.0000,1.0843,20.0550,0.0000,0.0000,0.0000,0.0000,0.0000,0.0000,-19.316,-15.511,2.947,0.500,1.360,0.924061,0.000000,0.075939
393,1018.00,0.001,-9.948,1.2108,2.4237,55.3702,0.0000,23.4904,0.0000,0.0000,0.0000,0.0000,0.0000,0.0000,0.0000,0.0000,1.0843,20.0550,0.0000,0.0000,0.0000,0.0000,0.0000,0.0000,-19.316,-15.511,2.947,0.500,1.360,0.924061,0.000000,0.075939
394,1017.00,0.001,-9.963,1.2193,2.4238,55.3681,0.0000,23.4895,0.0000,0.0000,0.0000,0.0000,0.0000,0.0000,0.0000,0.0000,1.0769,20.0654,0.0000,0.0000,0.0000,0.0000,0.0000,0.0000,-19.447,-15.620,2.966,0.503,1.370,0.924576,0.000000,0.075424
395,1016.00,0.001,-9.978,1.2265,2.4240,55.3660,0.0000,23.4886,0.0000,0.0000,0.0000,0.0000,0.0000,0.0000,0.0000,0.0000,1.0696,20.0757,0.0000,0.0000,0.0000,0.0000,0.0000,0.0000,-19.560,-15.714,2.983,0.506,1.377,0.925086,0.000000,0.074914
396,1016.00,0.001,-9.978,1.2265,2.4240,55.3660,0.0000,23.4886,0.0000,0.0000,0.0000,0.0000,0.0000,0.0000,0.0000,0.0000,1.0696,20.0757,0.0000,0.0000,0.0000,0.0000,0.0000,0.0000,-19.560,-15.714,2.983,0.506,1.377,0.925086,0.000000,0.074914
397,1017.00,0.001,-9.963,1.2193,2.4238,55.3681,0.0000,23.4895,0.0000,0.0000,0.0000,0.0000,0.0000,0.0000,0.0000,0.0000,1.0769,20.0654,0.0000,0.0000,0.0000,0.0000,0.0000,0.0000,-19.447,-15.620,2.966,0.503,1.370,0.924576,0.000000,0.075424
398,1017.00,0.001,-9.963,1.2193,2.4238,55.3681,0.0000,23.4895,0.0000,0.0000,0.0000,0.0000,0.0000,0.0000,0.0000,0.0000,1.0769,20.0654,0.0000,0.0000,0.0000,0.0000,0.0000,0.0000,-19.447,-15.620,2.966,0.503,1.370,0.924576,0.000000,0.075424
399,1016.00,0.001,-9.978,1.2265,2.4240,55.3660,0.0000,23.4886,0.0000,0.0000,0.0000,0.0000,0.0000,0.0000,0.0000,0.0000,1.0696,20.0757,0.0000,0.0000,0.0000,0.0000,0.0000,0.0000,-19.560,-15.714,2.983,0.506,1.377,0.925086,0.000000,0.074914
400,1015.00,0.001,-9.993,1.2326,2.4241,55.3640,0.0000,23.4877,0.0000,0.0000,0.0000,0.0000,0.0000,0.0000,0.0000,0.0000,1.0624,20.0859,0.0000,0.0000,0.0000,0.0000,0.0000,0.0000,-19.653,-15.793,2.996,0.508,1.384,0.925592,0.000000,0.074408
401,1015.00,0.001,-9.993,1.2326,2.4241,55.3640,0.0000,23.4877,0.0000,0.0000,0.0000,0.0000,0.0000,0.0000,0.0000,0.0000,1.0624,20.0859,0.0000,0.0000,0.0000,0.0000,0.0000,0.0000,-19.653,-15.793,2.996,0.508,1.384,0.925592,0.000000,0.074408
402,1014.00,0.001,-10.008,1.6835,2.4243,55.3597,0.0000,23.4860,0.0000,0.0000,0.0000,0.0000,0.0000,0.0000,0.0000,0.0000,1.0477,20.1066,0.0000,0.0000,0.0000,0.0000,0.0000,0.0000,-26.836,-21.570,4.091,0.694,1.890,0.926615,0.000000,0.073385
