Index,T (C),P (kbars),log(10) f O2,mass (gm),rho (gm/cc),wt% SiO2,wt% TiO2,wt% Al2O3,wt% Fe2O3,wt% Cr2O3,wt% FeO,wt% MnO,wt% MgO,wt% NiO,wt% CoO,wt% CaO,wt% Na2O,wt% K2O,wt% P2O5,wt% H2O,wt% CO2,wt% SO3,wt% Cl2O-1,wt% F2O-1,G (kJ),H (kJ),S (J/K),V (cc),Cp (J/K),    tephroite,     fayalite,   co-olivine,   ni-olivine, monticellite,   forsterite
10,1252.00,0.001,-5.736,0.0473,3.1775,40.9476,0.0000,0.0000,0.0000,0.0000,8.8983,0.2607,49.5441,0.0000,0.0000,0.3492,0.0000,0.0000,0.0000,0.0000,0.0000,0.0000,0.0000,0.0000,-0.793,-0.613,0.118,0.015,0.061,0.002697,0.090867,0.000000,0.000000,0.009137,0.897299
11,1251.00,0.001,-5.746,0.1379,3.1780,40.9425,0.0000,0.0000,0.0000,0.0000,8.9243,0.2614,49.5220,0.0000,0.0000,0.3498,0.0000,0.0000,0.0000,0.0000,0.0000,0.0000,0.0000,0.0000,-2.311,-1.787,0.344,0.043,0.177,0.002704,0.091143,0.000000,0.000000,0.009154,0.897000
12,1250.00,0.001,-5.757,0.2282,3.1784,40.9375,0.0000,0.0000,0.0000,0.0000,8.9502,0.2620,49.4999,0.0000,0.0000,0.3504,0.0000,0.0000,0.0000,0.0000,0.0000,0.0000,0.0000,0.0000,-3.823,-2.957,0.569,0.072,0.293,0.002710,0.091420,0.000000,0.000000,0.009170,0.896700
13,1249.00,0.001,-5.767,0.3181,3.1789,40.9324,0.0000,0.0000,0.0000,0.0000,8.9763,0.2626,49.4777,0.0000,0.0000,0.3510,0.0000,0.0000,0.0000,0.0000,0.0000,0.0000,0.0000,0.0000,-5.329,-4.122,0.793,0.100,0.408,0.002717,0.091697,0.000000,0.000000,0.009187,0.896399
14,1248.00,0.001,-5.778,0.4077,3.1794,40.9273,0.0000,0.0000,0.0000,0.0000,9.0024,0.2633,49.4555,0.0000,0.0000,0.3516,0.0000,0.0000,0.0000,0.0000,0.0000,0.0000,0.0000,0.0000,-6.828,-5.283,1.016,0.128,0.523,0.002724,0.091975,0.000000,0.000000,0.009203,0.896098
15,1247.00,0.001,-5.789,0.4971,3.1799,40.9222,0.0000,0.0000,0.0000,0.0000,9.0285,0.2639,49.4332,0.0000,0.0000,0.3522,0.0000,0.0000,0.0000,0.0000,0.0000,0.0000,0.0000,0.0000,-8.322,-6.440,1.238,0.156,0.638,0.002731,0.092254,0.000000,0.000000,0.009220,0.895796
16,1246.00,0.001,-5.799,0.5861,3.1804,40.9171,0.0000,0.0000,0.0000,0.0000,9.0547,0.2645,49.4109,0.0000,0.0000,0.3527,0.0000,0.0000,0.0000,0.0000,0.0000,0.0000,0.0000,0.0000,-9.809,-7.592,1.459,0.184,0.752,0.002738,0.092533,0.000000,0.000000,0.009236,0.895493
17,1245.00,0.001,-5.810,0.6748,3.1808,40.9120,0.0000,0.0000,0.0000,0.0000,9.0810,0.2651,49.3885,0.0000,0.0000,0.3533,0.0000,0.0000,0.0000,0.0000,0.0000,0.0000,0.0000,0.0000,-11.290,-8.741,1.679,0.212,0.866,0.002745,0.092813,0.000000,0.000000,0.009253,0.895189
18,1244.00,0.001,-5.820,0.7633,3.1813,40.9069,0.0000,0.0000,0.0000,0.0000,9.1073,0.2658,49.3661,0.0000,0.0000,0.3539,0.0000,0.0000,0.0000,0.0000,0.0000,0.0000,0.0000,0.0000,-12.765,-9.885,1.898,0.240,0.979,0.002752,0.093094,0.000000,0.000000,0.009270,0.894885
19,1243.00,0.001,-5.831,0.8514,3.1818,40.9018,0.0000,0.0000,0.0000,0.0000,9.1337,0.2664,49.3436,0.0000,0.0000,0.3545,0.0000,0.0000,0.0000,0.0000,0.0000,0.0000,0.0000,0.0000,-14.234,-11.024,2.117,0.268,1.092,0.002758,0.093375,0.000000,0.000000,0.009286,0.894580
20,1242.00,0.001,-5.842,0.9392,3.1823,40.8966,0.0000,0.0000,0.0000,0.0000,9.1602,0.2670,49.3211,0.0000,0.0000,0.3551,0.0000,0.0000,0.0000,0.0000,0.0000,0.0000,0.0000,0.0000,-15.697,-12.160,2.334,0.295,1.204,0.002765,0.093657,0.000000,0.000000,0.009303,0.894275
21,1241.00,0.001,-5.852,1.0267,3.1828,40.8915,0.0000,0.0000,0.0000,0.0000,9.1867,0.2677,49.2985,0.0000,0.0000,0.3557,0.0000,0.0000,0.0000,0.0000,0.0000,0.0000,0.0000,0.0000,-17.154,-13.291,2.551,0.323,1.316,0.002772,0.093940,0.000000,0.000000,0.009319,0.893968
22,1240.00,0.001,-5.863,1.1140,3.1833,40.8863,0.0000,0.0000,0.0000,0.0000,9.2132,0.2683,49.2759,0.0000,0.0000,0.3563,0.0000,0.0000,0.0000,0.0000,0.0000,0.0000,0.0000,0.0000,-18.605,-14.419,2.767,0.350,1.428,0.002779,0.094224,0.000000,0.000000,0.009336,0.893661
23,1239.00,0.001,-5.874,1.2009,3.1838,40.8811,0.0000,0.0000,0.0000,0.0000,9.2399,0.2689,49.2532,0.0000,0.0000,0.3568,0.0000,0.0000,0.0000,0.0000,0.0000,0.0000,0.0000,0.0000,-20.050,-15.542,2.981,0.377,1.539,0.002786,0.094508,0.000000,0.000000,0.009352,0.893354
24,1238.00,0.001,-5.884,1.2876,3.1843,40.8759,0.0000,0.0000,0.0000,0.0000,9.2666,0.2696,49.2305,0.0000,0.0000,0.3574,0.0000,0.0000,0.0000,0.0000,0.0000,0.0000,0.0000,0.0000,-21.489,-16.661,3.195,0.404,1.649,0.002793,0.094793,0.000000,0.000000,0.009369,0.893045
25,1237.00,0.001,-5.895,1.3739,3.1848,40.8707,0.0000,0.0000,0.0000,0.0000,9.2933,0.2702,49.2078,0.0000,0.0000,0.3580,0.0000,0.0000,0.0000,0.0000,0.0000,0.0000,0.0000,0.0000,-22.923,-17.776,3.408,0.431,1.760,0.002800,0.095079,0.000000,0.000000,0.009385,0.892736
26,1236.00,0.001,-5.906,1.4600,3.1852,40.8655,0.0000,0.0000,0.0000,0.0000,9.3201,0.2708,49.1849,0.0000,0.0000,0.3586,0.0000,0.0000,0.0000,0.0000,0.0000,0.0000,0.0000,0.0000,-24.350,-18.887,3.620,0.458,1.869,0.002807,0.095365,0.000000,0.000000,0.009402,0.892426
27,1235.00,0.001,-5.917,1.5457,3.1857,40.8603,0.0000,0.0000,0.0000,0.0000,9.3470,0.2715,49.1621,0.0000,0.0000,0.3592,0.0000,0.0000,0.0000,0.0000,0.0000,0.0000,0.0000,0.0000,-25.772,-19.993,3.832,0.485,1.979,0.002814,0.095652,0.000000,0.000000,0.009419,0.892115
28,1234.00,0.001,-5.927,1.6312,3.1862,40.8550,0.0000,0.0000,0.0000,0.0000,9.3739,0.2721,49.1392,0.0000,0.0000,0.3598,0.0000,0.0000,0.0000,0.0000,0.0000,0.0000,0.0000,0.0000,-27.188,-21.096,4.042,0.512,2.088,0.002821,0.095940,0.000000,0.000000,0.009435,0.891804
29,1233.00,0.001,-5.938,1.7164,3.1867,40.8498,0.0000,0.0000,0.0000,0.0000,9.4009,0.2727,49.1162,0.0000,0.0000,0.3604,0.0000,0.0000,0.0000,0.0000,0.0000,0.0000,0.0000,0.0000,-28.599,-22.195,4.252,0.539,2.196,0.002828,0.096229,0.000000,0.000000,0.009452,0.891492
30,1232.00,0.001,-5.949,1.8014,3.1872,40.8445,0.0000,0.0000,0.0000,0.0000,9.4280,0.2734,49.0932,0.0000,0.0000,0.3610,0.0000,0.0000,0.0000,0.0000,0.0000,0.0000,0.0000,0.0000,-30.003,-23.290,4.460,0.565,2.305,0.002835,0.096518,0.000000,0.000000,0.009468,0.891179
31,1231.00,0.001,-5.960,1.8860,3.1877,40.8393,0.0000,0.0000,0.0000,0.0000,9.4551,0.2740,49.0701,0.0000,0.0000,0.3615,0.0000,0.0000,0.0000,0.0000,0.0000,0.0000,0.0000,0.0000,-31.402,-24.381,4.668,0.592,2.412,0.002841,0.096808,0.000000,0.000000,0.009485,0.890865
32,1230.00,0.001,-5.970,1.9704,3.1882,40.8340,0.0000,0.0000,0.0000,0.0000,9.4822,0.2746,49.0470,0.0000,0.0000,0.3621,0.0000,0.0000,0.0000,0.0000,0.0000,0.0000,0.0000,0.0000,-32.796,-25.468,4.875,0.618,2.520,0.002848,0.097099,0.000000,0.000000,0.009501,0.890551
33,1229.00,0.001,-5.981,2.0544,3.1887,40.8287,0.0000,0.0000,0.0000,0.0000,9.5095,0.2753,49.0239,0.0000,0.0000,0.3627,0.0000,0.0000,0.0000,0.0000,0.0000,0.0000,0.0000,0.0000,-34.183,-26.550,5.081,0.644,2.627,0.002855,0.097391,0.000000,0.000000,0.009518,0.890236
34,1228.00,0.001,-5.992,2.1382,3.1892,40.8234,0.0000,0.0000,0.0000,0.0000,9.5368,0.2759,49.0006,0.0000,0.0000,0.3633,0.0000,0.0000,0.0000,0.0000,0.0000,0.0000,0.0000,0.0000,-35.566,-27.630,5.287,0.670,2.733,0.002862,0.097683,0.000000,0.000000,0.009535,0.889920
35,1227.00,0.001,-6.003,2.2218,3.1897,40.8181,0.0000,0.0000,0.0000,0.0000,9.5641,0.2765,48.9774,0.0000,0.0000,0.3639,0.0000,0.0000,0.0000,0.0000,0.0000,0.0000,0.0000,0.0000,-36.942,-28.705,5.491,0.697,2.840,0.002869,0.097976,0.000000,0.000000,0.009551,0.889604
36,1226.00,0.001,-6.014,2.3050,3.1902,40.8127,0.0000,0.0000,0.0000,0.0000,9.5916,0.2772,48.9541,0.0000,0.0000,0.3645,0.0000,0.0000,0.0000,0.0000,0.0000,0.0000,0.0000,0.0000,-38.313,-29.776,5.695,0.723,2.945,0.002876,0.098270,0.000000,0.000000,0.009568,0.889286
37,1225.00,0.001,-6.025,2.3880,3.1907,40.8074,0.0000,0.0000,0.0000,0.0000,9.6190,0.2778,48.9307,0.0000,0.0000,0.3650,0.0000,0.0000,0.0000,0.0000,0.0000,0.0000,0.0000,0.0000,-39.679,-30.843,5.897,0.748,3.051,0.002883,0.098564,0.000000,0.000000,0.009584,0.888968
38,1224.00,0.001,-6.036,2.4707,3.1912,40.8020,0.0000,0.0000,0.0000,0.0000,9.6466,0.2785,48.9073,0.0000,0.0000,0.3656,0.0000,0.0000,0.0000,0.0000,0.0000,0.0000,0.0000,0.0000,-41.039,-31.907,6.099,0.774,3.156,0.002890,0.098859,0.000000,0.000000,0.009601,0.888649
39,1223.00,0.001,-6.047,2.5531,3.1917,40.7967,0.0000,0.0000,0.0000,0.0000,9.6742,0.2791,48.8838,0.0000,0.0000,0.3662,0.0000,0.0000,0.0000,0.0000,0.0000,0.0000,0.0000,0.0000,-42.393,-32.967,6.301,0.800,3.261,0.002897,0.099155,0.000000,0.000000,0.009618,0.888330
40,1222.00,0.001,-6.057,2.6353,3.1922,40.7913,0.0000,0.0000,0.0000,0.0000,9.7019,0.2797,48.8603,0.0000,0.0000,0.3668,0.0000,0.0000,0.0000,0.0000,0.0000,0.0000,0.0000,0.0000,-43.742,-34.023,6.501,0.826,3.365,0.002904,0.099452,0.000000,0.000000,0.009634,0.888010
41,1221.00,0.001,-6.068,2.7172,3.1927,40.7859,0.0000,0.0000,0.0000,0.0000,9.7296,0.2804,48.8367,0.0000,0.0000,0.3674,0.0000,0.0000,0.0000,0.0000,0.0000,0.0000,0.0000,0.0000,-45.086,-35.075,6.700,0.851,3.469,0.002911,0.099749,0.000000,0.000000,0.009651,0.887688
42,1220.00,0.001,-6.079,2.7988,3.1932,40.7805,0.0000,0.0000,0.0000,0.0000,9.7574,0.2810,48.8131,0.0000,0.0000,0.3680,0.0000,0.0000,0.0000,0.0000,0.0000,0.0000,0.0000,0.0000,-46.424,-36.123,6.899,0.876,3.572,0.002918,0.100048,0.000000,0.000000,0.009667,0.887367
43,1219.00,0.001,-6.090,2.8802,3.1937,40.7751,0.0000,0.0000,0.0000,0.0000,9.7852,0.2816,48.7895,0.0000,0.0000,0.3686,0.0000,0.0000,0.0000,0.0000,0.0000,0.0000,0.0000,0.0000,-47.758,-37.168,7.097,0.902,3.675,0.002925,0.100347,0.000000,0.000000,0.009684,0.887044
44,1218.00,0.001,-6.101,2.9613,3.1943,40.7697,0.0000,0.0000,0.0000,0.0000,9.8132,0.2823,48.7657,0.0000,0.0000,0.3691,0.0000,0.0000,0.0000,0.0000,0.0000,0.0000,0.0000,0.0000,-49.085,-38.209,7.294,0.927,3.778,0.002932,0.100646,0.000000,0.000000,0.009701,0.886721
45,1217.00,0.001,-6.112,3.0422,3.1948,40.7643,0.0000,0.0000,0.0000,0.0000,9.8411,0.2829,48.7420,0.0000,0.0000,0.3697,0.0000,0.0000,0.0000,0.0000,0.0000,0.0000,0.0000,0.0000,-50.408,-39.246,7.490,0.952,3.880,0.002939,0.100947,0.000000,0.000000,0.009717,0.886397
46,1216.00,0.001,-6.123,3.1228,3.1953,40.7588,0.0000,0.0000,0.0000,0.0000,9.8692,0.2836,48.7181,0.0000,0.0000,0.3703,0.0000,0.0000,0.0000,0.0000,0.0000,0.0000,0.0000,0.0000,-51.725,-40.280,7.686,0.977,3.982,0.002946,0.101248,0.000000,0.000000,0.009734,0.886072
47,1215.00,0.001,-6.134,3.2031,3.1958,40.7533,0.0000,0.0000,0.0000,0.0000,9.8973,0.2842,48.6943,0.0000,0.0000,0.3709,0.0000,0.0000,0.0000,0.0000,0.0000,0.0000,0.0000,0.0000,-53.037,-41.309,7.880,1.002,4.084,0.002953,0.101550,0.000000,0.000000,0.009751,0.885746
48,1214.00,0.001,-6.145,3.2832,3.1963,40.7479,0.0000,0.0000,0.0000,0.0000,9.9255,0.2848,48.6703,0.0000,0.0000,0.3715,0.0000,0.0000,0.0000,0.0000,0.0000,0.0000,0.0000,0.0000,-54.343,-42.336,8.074,1.027,4.185,0.002960,0.101853,0.000000,0.000000,0.009767,0.885420
49,1213.00,0.001,-6.156,3.3630,3.1968,40.7424,0.0000,0.0000,0.0000,0.0000,9.9537,0.2855,48.6464,0.0000,0.0000,0.3720,0.0000,0.0000,0.0000,0.0000,0.0000,0.0000,0.0000,0.0000,-55.645,-43.358,8.267,1.052,4.286,0.002967,0.102156,0.000000,0.000000,0.009784,0.885093
50,1212.00,0.001,-6.168,3.4425,3.1973,40.7369,0.0000,0.0000,0.0000,0.0000,9.9820,0.2861,48.6223,0.0000,0.0000,0.3726,0.0000,0.0000,0.0000,0.0000,0.0000,0.0000,0.0000,0.0000,-56.941,-44.377,8.460,1.077,4.386,0.002974,0.102460,0.000000,0.000000,0.009801,0.884765
51,1211.00,0.001,-6.179,3.5218,3.1978,40.7314,0.0000,0.0000,0.0000,0.0000,10.0104,0.2868,48.5983,0.0000,0.0000,0.3732,0.0000,0.0000,0.0000,0.0000,0.0000,0.0000,0.0000,0.0000,-58.232,-45.392,8.651,1.101,4.487,0.002981,0.102765,0.000000,0.000000,0.009817,0.884436
52,1210.00,0.001,-6.190,3.6009,3.1983,40.7259,0.0000,0.0000,0.0000,0.0000,10.0388,0.2874,48.5741,0.0000,0.0000,0.3738,0.0000,0.0000,0.0000,0.0000,0.0000,0.0000,0.0000,0.0000,-59.518,-46.404,8.842,1.126,4.586,0.002989,0.103071,0.000000,0.000000,0.009834,0.884106
53,1209.00,0.001,-6.201,3.6797,3.1989,40.7203,0.0000,0.0000,0.0000,0.0000,10.0673,0.2880,48.5499,0.0000,0.0000,0.3744,0.0000,0.0000,0.0000,0.0000,0.0000,0.0000,0.0000,0.0000,-60.799,-47.412,9.032,1.150,4.686,0.002996,0.103378,0.000000,0.000000,0.009850,0.883776
54,1208.00,0.001,-6.212,3.7582,3.1994,40.7148,0.0000,0.0000,0.0000,0.0000,10.0958,0.2887,48.5257,0.0000,0.0000,0.3750,0.0000,0.0000,0.0000,0.0000,0.0000,0.0000,0.0000,0.0000,-62.075,-48.417,9.222,1.175,4.785,0.003003,0.103685,0.000000,0.000000,0.009867,0.883445
55,1207.00,0.001,-6.223,3.8366,3.1999,40.7093,0.0000,0.0000,0.0000,0.0000,10.1245,0.2893,48.5014,0.0000,0.0000,0.3755,0.0000,0.0000,0.0000,0.0000,0.0000,0.0000,0.0000,0.0000,-63.346,-49.418,9.410,1.199,4.883,0.003010,0.103993,0.000000,0.000000,0.009884,0.883113
56,1206.00,0.001,-6.234,3.9146,3.2004,40.7037,0.0000,0.0000,0.0000,0.0000,10.1532,0.2900,48.4771,0.0000,0.0000,0.3761,0.0000,0.0000,0.0000,0.0000,0.0000,0.0000,0.0000,0.0000,-64.612,-50.415,9.598,1.223,4.982,0.003017,0.104302,0.000000,0.000000,0.009900,0.882781
57,1205.00,0.001,-6.245,3.9924,3.2009,40.6981,0.0000,0.0000,0.0000,0.0000,10.1819,0.2906,48.4527,0.0000,0.0000,0.3767,0.0000,0.0000,0.0000,0.0000,0.0000,0.0000,0.0000,0.0000,-65.873,-51.410,9.785,1.247,5.080,0.003024,0.104612,0.000000,0.000000,0.009917,0.882447
58,1204.00,0.001,-6.257,4.0700,3.2014,40.6925,0.0000,0.0000,0.0000,0.0000,10.2107,0.2912,48.4282,0.0000,0.0000,0.3773,0.0000,0.0000,0.0000,0.0000,0.0000,0.0000,0.0000,0.0000,-67.129,-52.400,9.971,1.271,5.177,0.003031,0.104922,0.000000,0.000000,0.009934,0.882113
59,1203.00,0.001,-6.268,4.1473,3.2020,40.6869,0.0000,0.0000,0.0000,0.0000,10.2396,0.2919,48.4037,0.0000,0.0000,0.3779,0.0000,0.0000,0.0000,0.0000,0.0000,0.0000,0.0000,0.0000,-68.380,-53.387,10.157,1.295,5.275,0.003038,0.105234,0.000000,0.000000,0.009950,0.881778
60,1202.00,0.001,-6.279,4.2244,3.2025,40.6813,0.0000,0.0000,0.0000,0.0000,10.2685,0.2925,48.3792,0.0000,0.0000,0.3784,0.0000,0.0000,0.0000,0.0000,0.0000,0.0000,0.0000,0.0000,-69.626,-54.371,10.341,1.319,5.371,0.003045,0.105546,0.000000,0.000000,0.009967,0.881442
61,1201.00,0.001,-6.290,4.3013,3.2030,40.6757,0.0000,0.0000,0.0000,0.0000,10.2976,0.2932,48.3546,0.0000,0.0000,0.3790,0.0000,0.0000,0.0000,0.0000,0.0000,0.0000,0.0000,0.0000,-70.867,-55.351,10.526,1.343,5.468,0.003052,0.105858,0.000000,0.000000,0.009984,0.881106
62,1200.00,0.001,-6.302,4.3779,3.2035,40.6700,0.0000,0.0000,0.0000,0.0000,10.3266,0.2938,48.3299,0.0000,0.0000,0.3796,0.0000,0.0000,0.0000,0.0000,0.0000,0.0000,0.0000,0.0000,-72.104,-56.328,10.709,1.367,5.564,0.003059,0.106172,0.000000,0.000000,0.010000,0.880768
63,1199.00,0.001,-6.313,4.4542,3.2041,40.6644,0.0000,0.0000,0.0000,0.0000,10.3558,0.2944,48.3052,0.0000,0.0000,0.3802,0.0000,0.0000,0.0000,0.0000,0.0000,0.0000,0.0000,0.0000,-73.335,-57.301,10.891,1.390,5.660,0.003066,0.106487,0.000000,0.000000,0.010017,0.880430
64,1198.00,0.001,-6.324,4.5304,3.2046,40.6587,0.0000,0.0000,0.0000,0.0000,10.3850,0.2951,48.2804,0.0000,0.0000,0.3808,0.0000,0.0000,0.0000,0.0000,0.0000,0.0000,0.0000,0.0000,-74.562,-58.271,11.073,1.414,5.756,0.003074,0.106802,0.000000,0.000000,0.010034,0.880091
65,1197.00,0.001,-6.335,4.6063,3.2051,40.6530,0.0000,0.0000,0.0000,0.0000,10.4143,0.2957,48.2556,0.0000,0.0000,0.3813,0.0000,0.0000,0.0000,0.0000,0.0000,0.0000,0.0000,0.0000,-75.784,-59.238,11.254,1.437,5.851,0.003081,0.107118,0.000000,0.000000,0.010050,0.879751
66,1196.00,0.001,-6.347,4.6820,3.2056,40.6473,0.0000,0.0000,0.0000,0.0000,10.4436,0.2964,48.2307,0.0000,0.0000,0.3819,0.0000,0.0000,0.0000,0.0000,0.0000,0.0000,0.0000,0.0000,-77.001,-60.201,11.435,1.461,5.946,0.003088,0.107435,0.000000,0.000000,0.010067,0.879410
67,1195.00,0.001,-6.358,4.7574,3.2062,40.6416,0.0000,0.0000,0.0000,0.0000,10.4730,0.2970,48.2058,0.0000,0.0000,0.3825,0.0000,0.0000,0.0000,0.0000,0.0000,0.0000,0.0000,0.0000,-78.213,-61.161,11.615,1.484,6.040,0.003095,0.107752,0.000000,0.000000,0.010084,0.879069
68,1194.00,0.001,-6.369,4.8326,3.2067,40.6359,0.0000,0.0000,0.0000,0.0000,10.5025,0.2976,48.1808,0.0000,0.0000,0.3831,0.0000,0.0000,0.0000,0.0000,0.0000,0.0000,0.0000,0.0000,-79.421,-62.118,11.794,1.507,6.134,0.003102,0.108071,0.000000,0.000000,0.010101,0.878727
69,1193.00,0.001,-6.381,4.9076,3.2072,40.6302,0.0000,0.0000,0.0000,0.0000,10.5320,0.2983,48.1558,0.0000,0.0000,0.3837,0.0000,0.0000,0.0000,0.0000,0.0000,0.0000,0.0000,0.0000,-80.624,-63.071,11.972,1.530,6.228,0.003109,0.108390,0.000000,0.000000,0.010117,0.878384
70,1192.00,0.001,-6.392,4.9823,3.2078,40.6245,0.0000,0.0000,0.0000,0.0000,10.5617,0.2989,48.1307,0.0000,0.0000,0.3842,0.0000,0.0000,0.0000,0.0000,0.0000,0.0000,0.0000,0.0000,-81.822,-64.021,12.150,1.553,6.322,0.003116,0.108710,0.000000,0.000000,0.010134,0.878040
71,1191.00,0.001,-6.404,5.0569,3.2083,40.6187,0.0000,0.0000,0.0000,0.0000,10.5913,0.2996,48.1056,0.0000,0.0000,0.3848,0.0000,0.0000,0.0000,0.0000,0.0000,0.0000,0.0000,0.0000,-83.016,-64.968,12.326,1.576,6.415,0.003123,0.109031,0.000000,0.000000,0.010151,0.877695
72,1190.00,0.001,-6.415,5.1311,3.2088,40.6129,0.0000,0.0000,0.0000,0.0000,10.6211,0.3002,48.0804,0.0000,0.0000,0.3854,0.0000,0.0000,0.0000,0.0000,0.0000,0.0000,0.0000,0.0000,-84.205,-65.911,12.503,1.599,6.508,0.003131,0.109353,0.000000,0.000000,0.010167,0.877349
73,1189.00,0.001,-6.426,5.2052,3.2094,40.6072,0.0000,0.0000,0.0000,0.0000,10.6509,0.3009,48.0551,0.0000,0.0000,0.3860,0.0000,0.0000,0.0000,0.0000,0.0000,0.0000,0.0000,0.0000,-85.389,-66.852,12.678,1.622,6.600,0.003138,0.109675,0.000000,0.000000,0.010184,0.877003
74,1188.00,0.001,-6.438,5.2791,3.2099,40.6014,0.0000,0.0000,0.0000,0.0000,10.6808,0.3015,48.0298,0.0000,0.0000,0.3866,0.0000,0.0000,0.0000,0.0000,0.0000,0.0000,0.0000,0.0000,-86.569,-67.789,12.853,1.645,6.692,0.003145,0.109999,0.000000,0.000000,0.010201,0.876656
75,1187.00,0.001,-6.449,5.3527,3.2104,40.5956,0.0000,0.0000,0.0000,0.0000,10.7107,0.3021,48.0044,0.0000,0.0000,0.3871,0.0000,0.0000,0.0000,0.0000,0.0000,0.0000,0.0000,0.0000,-87.744,-68.722,13.027,1.667,6.784,0.003152,0.110323,0.000000,0.000000,0.010217,0.876308
76,1186.00,0.001,-6.461,5.4261,3.2110,40.5898,0.0000,0.0000,0.0000,0.0000,10.7407,0.3028,47.9790,0.0000,0.0000,0.3877,0.0000,0.0000,0.0000,0.0000,0.0000,0.0000,0.0000,0.0000,-88.915,-69.653,13.201,1.690,6.876,0.003159,0.110648,0.000000,0.000000,0.010234,0.875959
77,1185.00,0.001,-6.472,5.4993,3.2115,40.5839,0.0000,0.0000,0.0000,0.0000,10.7708,0.3034,47.9535,0.0000,0.0000,0.3883,0.0000,0.0000,0.0000,0.0000,0.0000,0.0000,0.0000,0.0000,-90.081,-70.581,13.373,1.712,6.967,0.003166,0.110974,0.000000,0.000000,0.010251,0.875609
78,1184.00,0.001,-6.484,5.7161,3.2125,40.5715,0.0000,0.0000,0.0000,0.0000,10.8344,0.3063,47.8995,0.0000,0.0000,0.3884,0.0000,0.0000,0.0000,0.0000,0.0000,0.0000,0.0000,0.0000,-93.574,-73.327,13.895,1.779,7.239,0.003197,0.111663,0.000000,0.000000,0.010256,0.874884
79,1184.00,0.001,-6.484,5.7161,3.2125,40.5715,0.0000,0.0000,0.0000,0.0000,10.8344,0.3063,47.8995,0.0000,0.0000,0.3884,0.0000,0.0000,0.0000,0.0000,0.0000,0.0000,0.0000,0.0000,-93.574,-73.327,13.895,1.779,7.239,0.003197,0.111663,0.000000,0.000000,0.010256,0.874884
80,1183.00,0.001,-6.495,5.9447,3.2135,40.5583,0.0000,0.0000,0.0000,0.0000,10.9016,0.3094,47.8423,0.0000,0.0000,0.3884,0.0000,0.0000,0.0000,0.0000,0.0000,0.0000,0.0000,0.0000,-97.254,-76.222,14.444,1.850,7.526,0.003230,0.112393,0.000000,0.000000,0.010261,0.874116
81,1182.00,0.001,-6.507,6.1693,3.2146,40.5451,0.0000,0.0000,0.0000,0.0000,10.9689,0.3124,47.7851,0.0000,0.0000,0.3885,0.0000,0.0000,0.0000,0.0000,0.0000,0.0000,0.0000,0.0000,-100.863,-79.060,14.983,1.919,7.807,0.003263,0.113123,0.000000,0.000000,0.010265,0.873349
82,1181.00,0.001,-6.518,6.3899,3.2156,40.5319,0.0000,0.0000,0.0000,0.0000,11.0361,0.3155,47.7279,0.0000,0.0000,0.3885,0.0000,0.0000,0.0000,0.0000,0.0000,0.0000,0.0000,0.0000,-104.402,-81.845,15.512,1.987,8.083,0.003297,0.113853,0.000000,0.000000,0.010270,0.872580
83,1180.00,0.001,-6.530,6.6066,3.2167,40.5188,0.0000,0.0000,0.0000,0.0000,11.1033,0.3185,47.6708,0.0000,0.0000,0.3886,0.0000,0.0000,0.0000,0.0000,0.0000,0.0000,0.0000,0.0000,-107.873,-84.577,16.031,2.054,8.354,0.003329,0.114583,0.000000,0.000000,0.010276,0.871812
84,1180.00,0.001,-6.530,6.6066,3.2167,40.5188,0.0000,0.0000,0.0000,0.0000,11.1033,0.3185,47.6708,0.0000,0.0000,0.3886,0.0000,0.0000,0.0000,0.0000,0.0000,0.0000,0.0000,0.0000,-107.873,-84.577,16.031,2.054,8.354,0.003329,0.114583,0.000000,0.000000,0.010276,0.871812
85,1179.00,0.001,-6.542,6.8143,3.2170,40.5155,0.0000,0.0000,0.0000,0.0000,11.1152,0.3233,47.6564,0.0000,0.0000,0.3895,0.0000,0.0000,0.0000,0.0000,0.0000,0.0000,0.0000,0.0000,-111.235,-87.233,16.529,2.118,8.616,0.003379,0.114715,0.000000,0.000000,0.010301,0.871604
86,1178.00,0.001,-6.553,7.0212,3.2177,40.5079,0.0000,0.0000,0.0000,0.0000,11.1515,0.3273,47.6232,0.0000,0.0000,0.3901,0.0000,0.0000,0.0000,0.0000,0.0000,0.0000,0.0000,0.0000,-114.563,-89.859,17.024,2.182,8.875,0.003422,0.115111,0.000000,0.000000,0.010319,0.871148
87,1177.00,0.001,-6.565,7.2247,3.2183,40.5005,0.0000,0.0000,0.0000,0.0000,11.1870,0.3313,47.5905,0.0000,0.0000,0.3907,0.0000,0.0000,0.0000,0.0000,0.0000,0.0000,0.0000,0.0000,-117.833,-92.441,17.510,2.245,9.130,0.003464,0.115500,0.000000,0.000000,0.010336,0.870700
88,1176.00,0.001,-6.576,7.4247,3.2190,40.4931,0.0000,0.0000,0.0000,0.0000,11.2218,0.3353,47.5584,0.0000,0.0000,0.3913,0.0000,0.0000,0.0000,0.0000,0.0000,0.0000,0.0000,0.0000,-121.045,-94.978,17.988,2.307,9.380,0.003507,0.115880,0.000000,0.000000,0.010354,0.870259
89,1175.00,0.001,-6.588,7.6213,3.2196,40.4859,0.0000,0.0000,0.0000,0.0000,11.2560,0.3393,47.5268,0.0000,0.0000,0.3920,0.0000,0.0000,0.0000,0.0000,0.0000,0.0000,0.0000,0.0000,-124.198,-97.470,18.457,2.367,9.626,0.003549,0.116253,0.000000,0.000000,0.010373,0.869825
90,1174.00,0.001,-6.600,7.8145,3.2202,40.4788,0.0000,0.0000,0.0000,0.0000,11.2894,0.3433,47.4958,0.0000,0.0000,0.3926,0.0000,0.0000,0.0000,0.0000,0.0000,0.0000,0.0000,0.0000,-127.293,-99.918,18.917,2.427,9.868,0.003592,0.116619,0.000000,0.000000,0.010392,0.869397
91,1173.00,0.001,-6.611,8.0041,3.2208,40.4719,0.0000,0.0000,0.0000,0.0000,11.3222,0.3473,47.4653,0.0000,0.0000,0.3933,0.0000,0.0000,0.0000,0.0000,0.0000,0.0000,0.0000,0.0000,-130.330,-102.320,19.368,2.485,10.105,0.003635,0.116978,0.000000,0.000000,0.010412,0.868976
92,1172.00,0.001,-6.623,8.1904,3.2214,40.4650,0.0000,0.0000,0.0000,0.0000,11.3543,0.3514,47.4353,0.0000,0.0000,0.3940,0.0000,0.0000,0.0000,0.0000,0.0000,0.0000,0.0000,0.0000,-133.308,-104.679,19.811,2.542,10.337,0.003677,0.117330,0.000000,0.000000,0.010432,0.868561
93,1171.00,0.001,-6.635,8.3731,3.2220,40.4583,0.0000,0.0000,0.0000,0.0000,11.3859,0.3554,47.4058,0.0000,0.0000,0.3947,0.0000,0.0000,0.0000,0.0000,0.0000,0.0000,0.0000,0.0000,-136.229,-106.992,20.245,2.599,10.566,0.003720,0.117675,0.000000,0.000000,0.010452,0.868152
94,1170.00,0.001,-6.646,8.5525,3.2226,40.4516,0.0000,0.0000,0.0000,0.0000,11.4168,0.3594,47.3767,0.0000,0.0000,0.3954,0.0000,0.0000,0.0000,0.0000,0.0000,0.0000,0.0000,0.0000,-139.093,-109.262,20.670,2.654,10.789,0.003762,0.118014,0.000000,0.000000,0.010474,0.867750
95,1170.00,0.001,-6.646,8.5525,3.2226,40.4516,0.0000,0.0000,0.0000,0.0000,11.4168,0.3594,47.3767,0.0000,0.0000,0.3954,0.0000,0.0000,0.0000,0.0000,0.0000,0.0000,0.0000,0.0000,-139.093,-109.262,20.670,2.654,10.789,0.003762,0.118014,0.000000,0.000000,0.010474,0.867750
96,1171.00,0.001,-6.635,8.3731,3.2220,40.4583,0.0000,0.0000,0.0000,0.0000,11.3859,0.3554,47.4058,0.0000,0.0000,0.3947,0.0000,0.0000,0.0000,0.0000,0.0000,0.0000,0.0000,0.0000,-136.229,-106.992,20.245,2.599,10.566,0.003720,0.117675,0.000000,0.000000,0.010452,0.868152
97,1172.00,0.001,-6.623,8.1904,3.2214,40.4650,0.0000,0.0000,0.0000,0.0000,11.3543,0.3514,47.4353,0.0000,0.0000,0.3940,0.0000,0.0000,0.0000,0.0000,0.0000,0.0000,0.0000,0.0000,-133.308,-104.679,19.811,2.542,10.337,0.003677,0.117330,0.000000,0.000000,0.010432,0.868561
98,1173.00,0.001,-6.611,8.0041,3.2208,40.4719,0.0000,0.0000,0.0000,0.0000,11.3222,0.3473,47.4653,0.0000,0.0000,0.3933,0.0000,0.0000,0.0000,0.0000,0.0000,0.0000,0.0000,0.0000,-130.330,-102.320,19.368,2.485,10.105,0.003635,0.116978,0.000000,0.000000,0.010412,0.868976
99,1174.00,0.001,-6.600,7.8145,3.2202,40.4788,0.0000,0.0000,0.0000,0.0000,11.2894,0.3433,47.4958,0.0000,0.0000,0.3926,0.0000,0.0000,0.0000,0.0000,0.0000,0.0000,0.0000,0.0000,-127.293,-99.918,18.917,2.427,9.868,0.003592,0.116619,0.000000,0.000000,0.010392,0.869397
100,1175.00,0.001,-6.588,7.6213,3.2196,40.4859,0.0000,0.0000,0.0000,0.0000,11.2560,0.3393,47.5268,0.0000,0.0000,0.3920,0.0000,0.0000,0.0000,0.0000,0.0000,0.0000,0.0000,0.0000,-124.198,-97.470,18.457,2.367,9.626,0.003549,0.116253,0.000000,0.000000,0.010373,0.869825
101,1175.00,0.001,-6.588,7.6213,3.2196,40.4859,0.0000,0.0000,0.0000,0.0000,11.2560,0.3393,47.5268,0.0000,0.0000,0.3920,0.0000,0.0000,0.0000,0.0000,0.0000,0.0000,0.0000,0.0000,-124.198,-97.470,18.457,2.367,9.626,0.003549,0.116253,0.000000,0.000000,0.010373,0.869825
102,1174.00,0.001,-6.600,7.8145,3.2202,40.4788,0.0000,0.0000,0.0000,0.0000,11.2894,0.3433,47.4958,0.0000,0.0000,0.3926,0.0000,0.0000,0.0000,0.0000,0.0000,0.0000,0.0000,0.0000,-127.293,-99.918,18.917,2.427,9.868,0.003592,0.116619,0.000000,0.000000,0.010392,0.869397
103,1173.00,0.001,-6.611,8.0041,3.2208,40.4719,0.0000,0.0000,0.0000,0.0000,11.3222,0.3473,47.4653,0.0000,0.0000,0.3933,0.0000,0.0000,0.0000,0.0000,0.0000,0.0000,0.0000,0.0000,-130.330,-102.320,19.368,2.485,10.105,0.003635,0.116978,0.000000,0.000000,0.010412,0.868976
104,1172.00,0.001,-6.623,8.1904,3.2214,40.4650,0.0000,0.0000,0.0000,0.0000,11.3543,0.3514,47.4353,0.0000,0.0000,0.3940,0.0000,0.0000,0.0000,0.0000,0.0000,0.0000,0.0000,0.0000,-133.308,-104.679,19.811,2.542,10.337,0.003677,0.117330,0.000000,0.000000,0.010432,0.868561
105,1171.00,0.001,-6.635,8.3731,3.2220,40.4583,0.0000,0.0000,0.0000,0.0000,11.3859,0.3554,47.4058,0.0000,0.0000,0.3947,0.0000,0.0000,0.0000,0.0000,0.0000,0.0000,0.0000,0.0000,-136.229,-106.992,20.245,2.599,10.566,0.003720,0.117675,0.000000,0.000000,0.010452,0.868152
106,1170.00,0.001,-6.646,8.5525,3.2226,40.4516,0.0000,0.0000,0.0000,0.0000,11.4168,0.3594,47.3767,0.0000,0.0000,0.3954,0.0000,0.0000,0.0000,0.0000,0.0000,0.0000,0.0000,0.0000,-139.093,-109.262,20.670,2.654,10.789,0.003762,0.118014,0.000000,0.000000,0.010474,0.867750
107,1170.00,0.001,-6.646,8.5525,3.2226,40.4516,0.0000,0.0000,0.0000,0.0000,11.4168,0.3594,47.3767,0.0000,0.0000,0.3954,0.0000,0.0000,0.0000,0.0000,0.0000,0.0000,0.0000,0.0000,-139.093,-109.262,20.670,2.654,10.789,0.003762,0.118014,0.000000,0.000000,0.010474,0.867750
108,1169.00,0.001,-6.658,8.7285,3.2232,40.4451,0.0000,0.0000,0.0000,0.0000,11.4472,0.3634,47.3481,0.0000,0.0000,0.3962,0.0000,0.0000,0.0000,0.0000,0.0000,0.0000,0.0000,0.0000,-141.900,-111.488,21.087,2.708,11.009,0.003805,0.118347,0.000000,0.000000,0.010495,0.867353
109,1168.00,0.001,-6.670,8.9012,3.2238,40.4387,0.0000,0.0000,0.0000,0.0000,11.4770,0.3674,47.3200,0.0000,0.0000,0.3970,0.0000,0.0000,0.0000,0.0000,0.0000,0.0000,0.0000,0.0000,-144.650,-113.671,21.496,2.761,11.224,0.003847,0.118674,0.000000,0.000000,0.010517,0.866961
110,1167.00,0.001,-6.682,9.0705,3.2243,40.4324,0.0000,0.0000,0.0000,0.0000,11.5062,0.3714,47.2923,0.0000,0.0000,0.3977,0.0000,0.0000,0.0000,0.0000,0.0000,0.0000,0.0000,0.0000,-147.345,-115.812,21.896,2.813,11.435,0.003890,0.118995,0.000000,0.000000,0.010540,0.866575
111,1166.00,0.001,-6.694,9.2365,3.2249,40.4262,0.0000,0.0000,0.0000,0.0000,11.5349,0.3753,47.2650,0.0000,0.0000,0.3986,0.0000,0.0000,0.0000,0.0000,0.0000,0.0000,0.0000,0.0000,-149.986,-117.910,22.288,2.864,11.641,0.003932,0.119310,0.000000,0.000000,0.010563,0.866195
112,1165.00,0.001,-6.705,9.3993,3.2254,40.4201,0.0000,0.0000,0.0000,0.0000,11.5631,0.3793,47.2382,0.0000,0.0000,0.3994,0.0000,0.0000,0.0000,0.0000,0.0000,0.0000,0.0000,0.0000,-152.572,-119.966,22.672,2.914,11.844,0.003974,0.119620,0.000000,0.000000,0.010587,0.865820
113,1164.00,0.001,-6.717,9.5589,3.2260,40.4141,0.0000,0.0000,0.0000,0.0000,11.5907,0.3832,47.2117,0.0000,0.0000,0.4002,0.0000,0.0000,0.0000,0.0000,0.0000,0.0000,0.0000,0.0000,-155.105,-121.981,23.048,2.963,12.042,0.004016,0.119924,0.000000,0.000000,0.010611,0.865450
114,1163.00,0.001,-6.729,9.7153,3.2265,40.4081,0.0000,0.0000,0.0000,0.0000,11.6179,0.3872,47.1857,0.0000,0.0000,0.4011,0.0000,0.0000,0.0000,0.0000,0.0000,0.0000,0.0000,0.0000,-157.585,-123.956,23.416,3.011,12.237,0.004058,0.120222,0.000000,0.000000,0.010635,0.865085
115,1162.00,0.001,-6.741,9.8686,3.2270,40.4023,0.0000,0.0000,0.0000,0.0000,11.6446,0.3911,47.1600,0.0000,0.0000,0.4020,0.0000,0.0000,0.0000,0.0000,0.0000,0.0000,0.0000,0.0000,-160.013,-125.891,23.776,3.058,12.427,0.004100,0.120516,0.000000,0.000000,0.010660,0.864725
116,1161.00,0.001,-6.753,9.9561,3.2275,40.3974,0.0000,0.0000,0.0000,0.0000,11.6653,0.3980,47.1395,0.0000,0.0000,0.3997,0.0000,0.0000,0.0000,0.0000,0.0000,0.0000,0.0000,0.0000,-161.378,-126.991,23.977,3.085,12.535,0.004173,0.120745,0.000000,0.000000,0.010602,0.864480
117,1160.00,0.001,-6.765,10.0241,3.2281,40.3928,0.0000,0.0000,0.0000,0.0000,11.6842,0.4058,47.1205,0.0000,0.0000,0.3967,0.0000,0.0000,0.0000,0.0000,0.0000,0.0000,0.0000,0.0000,-162.428,-127.844,24.132,3.105,12.618,0.004255,0.120954,0.000000,0.000000,0.010524,0.864268
118,1160.00,0.001,-6.765,10.0241,3.2281,40.3928,0.0000,0.0000,0.0000,0.0000,11.6842,0.4058,47.1205,0.0000,0.0000,0.3967,0.0000,0.0000,0.0000,0.0000,0.0000,0.0000,0.0000,0.0000,-162.428,-127.844,24.132,3.105,12.618,0.004255,0.120954,0.000000,0.000000,0.010524,0.864268
119,1159.00,0.001,-6.777,10.0893,3.2286,40.3883,0.0000,0.0000,0.0000,0.0000,11.7025,0.4136,47.1018,0.0000,0.0000,0.3938,0.0000,0.0000,0.0000,0.0000,0.0000,0.0000,0.0000,0.0000,-163.432,-128.661,24.279,3.125,12.697,0.004337,0.121158,0.000000,0.000000,0.010446,0.864059
120,1158.00,0.001,-6.789,10.1517,3.2291,40.3838,0.0000,0.0000,0.0000,0.0000,11.7205,0.4215,47.0833,0.0000,0.0000,0.3909,0.0000,0.0000,0.0000,0.0000,0.0000,0.0000,0.0000,0.0000,-164.391,-129.442,24.420,3.144,12.773,0.004420,0.121357,0.000000,0.000000,0.010370,0.863853
121,1157.00,0.001,-6.800,10.2115,3.2296,40.3794,0.0000,0.0000,0.0000,0.0000,11.7382,0.4293,47.0652,0.0000,0.0000,0.3880,0.0000,0.0000,0.0000,0.0000,0.0000,0.0000,0.0000,0.0000,-165.306,-130.191,24.554,3.162,12.846,0.004503,0.121553,0.000000,0.000000,0.010294,0.863650
122,1156.00,0.001,-6.812,10.2687,3.2301,40.3750,0.0000,0.0000,0.0000,0.0000,11.7554,0.4372,47.0472,0.0000,0.0000,0.3851,0.0000,0.0000,0.0000,0.0000,0.0000,0.0000,0.0000,0.0000,-166.181,-130.907,24.682,3.179,12.916,0.004586,0.121745,0.000000,0.000000,0.010220,0.863449
123,1155.00,0.001,-6.824,10.3235,3.2305,40.3708,0.0000,0.0000,0.0000,0.0000,11.7723,0.4451,47.0295,0.0000,0.0000,0.3823,0.0000,0.0000,0.0000,0.0000,0.0000,0.0000,0.0000,0.0000,-167.015,-131.591,24.804,3.196,12.982,0.004669,0.121933,0.000000,0.000000,0.010147,0.863251
124,1154.00,0.001,-6.836,10.3758,3.2310,40.3665,0.0000,0.0000,0.0000,0.0000,11.7889,0.4530,47.0120,0.0000,0.0000,0.3796,0.0000,0.0000,0.0000,0.0000,0.0000,0.0000,0.0000,0.0000,-167.810,-132.246,24.920,3.211,13.045,0.004753,0.122118,0.000000,0.000000,0.010074,0.863055
125,1153.00,0.001,-6.848,10.4259,3.2315,40.3623,0.0000,0.0000,0.0000,0.0000,11.8052,0.4609,46.9947,0.0000,0.0000,0.3768,0.0000,0.0000,0.0000,0.0000,0.0000,0.0000,0.0000,0.0000,-168.568,-132.871,25.030,3.226,13.106,0.004836,0.122299,0.000000,0.000000,0.010003,0.862862
126,1152.00,0.001,-6.860,10.4738,3.2320,40.3582,0.0000,0.0000,0.0000,0.0000,11.8212,0.4689,46.9776,0.0000,0.0000,0.3741,0.0000,0.0000,0.0000,0.0000,0.0000,0.0000,0.0000,0.0000,-169.290,-133.468,25.135,3.241,13.164,0.004920,0.122478,0.000000,0.000000,0.009932,0.862670
127,1151.00,0.001,-6.872,10.5195,3.2324,40.3541,0.0000,0.0000,0.0000,0.0000,11.8370,0.4768,46.9607,0.0000,0.0000,0.3715,0.0000,0.0000,0.0000,0.0000,0.0000,0.0000,0.0000,0.0000,-169.978,-134.039,25.235,3.254,13.219,0.005004,0.122653,0.000000,0.000000,0.009862,0.862480
128,1150.00,0.001,-6.885,10.5631,3.2329,40.3500,0.0000,0.0000,0.0000,0.0000,11.8524,0.4848,46.9439,0.0000,0.0000,0.3688,0.0000,0.0000,0.0000,0.0000,0.0000,0.0000,0.0000,0.0000,-170.632,-134.583,25.330,3.267,13.271,0.005088,0.122826,0.000000,0.000000,0.009794,0.862292
129,1150.00,0.001,-6.885,10.5631,3.2329,40.3500,0.0000,0.0000,0.0000,0.0000,11.8524,0.4848,46.9439,0.0000,0.0000,0.3688,0.0000,0.0000,0.0000,0.0000,0.0000,0.0000,0.0000,0.0000,-170.632,-134.583,25.330,3.267,13.271,0.005088,0.122826,0.000000,0.000000,0.009794,0.862292
130,1149.00,0.001,-6.897,10.6048,3.2334,40.3460,0.0000,0.0000,0.0000,0.0000,11.8677,0.4928,46.9273,0.0000,0.0000,0.3662,0.0000,0.0000,0.0000,0.0000,0.0000,0.0000,0.0000,0.0000,-171.253,-135.102,25.420,3.280,13.321,0.005173,0.122996,0.000000,0.000000,0.009725,0.862106
131,1148.00,0.001,-6.909,10.6446,3.2338,40.3420,0.0000,0.0000,0.0000,0.0000,11.8827,0.5008,46.9109,0.0000,0.0000,0.3637,0.0000,0.0000,0.0000,0.0000,0.0000,0.0000,0.0000,0.0000,-171.844,-135.597,25.506,3.292,13.368,0.005257,0.123164,0.000000,0.000000,0.009658,0.861921
132,1147.00,0.001,-6.921,10.6824,3.2343,40.3381,0.0000,0.0000,0.0000,0.0000,11.8975,0.5088,46.8946,0.0000,0.0000,0.3611,0.0000,0.0000,0.0000,0.0000,0.0000,0.0000,0.0000,0.0000,-172.404,-136.068,25.586,3.303,13.413,0.005341,0.123329,0.000000,0.000000,0.009592,0.861738
133,1146.00,0.001,-6.933,10.7185,3.2347,40.3342,0.0000,0.0000,0.0000,0.0000,11.9120,0.5167,46.8784,0.0000,0.0000,0.3586,0.0000,0.0000,0.0000,0.0000,0.0000,0.0000,0.0000,0.0000,-172.936,-136.516,25.663,3.314,13.456,0.005426,0.123492,0.000000,0.000000,0.009526,0.861556
134,1145.00,0.001,-6.945,10.7529,3.2352,40.3303,0.0000,0.0000,0.0000,0.0000,11.9264,0.5247,46.8624,0.0000,0.0000,0.3561,0.0000,0.0000,0.0000,0.0000,0.0000,0.0000,0.0000,0.0000,-173.439,-136.943,25.735,3.324,13.497,0.005510,0.123653,0.000000,0.000000,0.009461,0.861376
135,1144.00,0.001,-6.957,10.7856,3.2356,40.3265,0.0000,0.0000,0.0000,0.0000,11.9406,0.5327,46.8465,0.0000,0.0000,0.3537,0.0000,0.0000,0.0000,0.0000,0.0000,0.0000,0.0000,0.0000,-173.915,-137.348,25.803,3.333,13.536,0.005595,0.123812,0.000000,0.000000,0.009396,0.861197
136,1143.00,0.001,-6.969,10.8166,3.2361,40.3227,0.0000,0.0000,0.0000,0.0000,11.9546,0.5407,46.8308,0.0000,0.0000,0.3512,0.0000,0.0000,0.0000,0.0000,0.0000,0.0000,0.0000,0.0000,-174.365,-137.733,25.867,3.343,13.572,0.005679,0.123969,0.000000,0.000000,0.009333,0.861020
137,1142.00,0.001,-6.982,10.8461,3.2365,40.3189,0.0000,0.0000,0.0000,0.0000,11.9684,0.5487,46.8151,0.0000,0.0000,0.3488,0.0000,0.0000,0.0000,0.0000,0.0000,0.0000,0.0000,0.0000,-174.790,-138.099,25.928,3.351,13.607,0.005763,0.124124,0.000000,0.000000,0.009270,0.860843
138,1141.00,0.001,-6.994,10.8741,3.2370,40.3152,0.0000,0.0000,0.0000,0.0000,11.9821,0.5567,46.7996,0.0000,0.0000,0.3465,0.0000,0.0000,0.0000,0.0000,0.0000,0.0000,0.0000,0.0000,-175.191,-138.445,25.985,3.359,13.639,0.005848,0.124277,0.000000,0.000000,0.009208,0.860668
139,1140.00,0.001,-7.006,10.9007,3.2374,40.3114,0.0000,0.0000,0.0000,0.0000,11.9956,0.5646,46.7842,0.0000,0.0000,0.3441,0.0000,0.0000,0.0000,0.0000,0.0000,0.0000,0.0000,0.0000,-175.567,-138.772,26.038,3.367,13.670,0.005932,0.124428,0.000000,0.000000,0.009146,0.860494
140,1140.00,0.001,-7.006,10.9007,3.2374,40.3114,0.0000,0.0000,0.0000,0.0000,11.9956,0.5646,46.7842,0.0000,0.0000,0.3441,0.0000,0.0000,0.0000,0.0000,0.0000,0.0000,0.0000,0.0000,-175.567,-138.772,26.038,3.367,13.670,0.005932,0.124428,0.000000,0.000000,0.009146,0.860494
141,1139.00,0.001,-7.018,10.9258,3.2379,40.3078,0.0000,0.0000,0.0000,0.0000,12.0089,0.5726,46.7689,0.0000,0.0000,0.3418,0.0000,0.0000,0.0000,0.0000,0.0000,0.0000,0.0000,0.0000,-175.921,-139.082,26.087,3.374,13.699,0.006016,0.124578,0.000000,0.000000,0.009085,0.860321
142,1138.00,0.001,-7.031,10.9495,3.2383,40.3041,0.0000,0.0000,0.0000,0.0000,12.0221,0.5805,46.7538,0.0000,0.0000,0.3395,0.0000,0.0000,0.0000,0.0000,0.0000,0.0000,0.0000,0.0000,-176.253,-139.374,26.134,3.381,13.726,0.006100,0.124726,0.000000,0.000000,0.009024,0.860149
143,1137.00,0.001,-7.043,10.9719,3.2387,40.3005,0.0000,0.0000,0.0000,0.0000,12.0352,0.5885,46.7387,0.0000,0.0000,0.3372,0.0000,0.0000,0.0000,0.0000,0.0000,0.0000,0.0000,0.0000,-176.563,-139.649,26.177,3.388,13.752,0.006184,0.124873,0.000000,0.000000,0.008965,0.859978
144,1136.00,0.001,-7.055,10.9930,3.2391,40.2968,0.0000,0.0000,0.0000,0.0000,12.0481,0.5964,46.7237,0.0000,0.0000,0.3349,0.0000,0.0000,0.0000,0.0000,0.0000,0.0000,0.0000,0.0000,-176.853,-139.909,26.217,3.394,13.776,0.006268,0.125018,0.000000,0.000000,0.008905,0.859809
145,1135.00,0.001,-7.067,11.0129,3.2396,40.2933,0.0000,0.0000,0.0000,0.0000,12.0609,0.6043,46.7089,0.0000,0.0000,0.3327,0.0000,0.0000,0.0000,0.0000,0.0000,0.0000,0.0000,0.0000,-177.122,-140.152,26.254,3.399,13.798,0.006351,0.125162,0.000000,0.000000,0.008847,0.859640
146,1134.00,0.001,-7.080,11.0316,3.2400,40.2897,0.0000,0.0000,0.0000,0.0000,12.0735,0.6122,46.6941,0.0000,0.0000,0.3305,0.0000,0.0000,0.0000,0.0000,0.0000,0.0000,0.0000,0.0000,-177.373,-140.381,26.289,3.405,13.819,0.006435,0.125304,0.000000,0.000000,0.008789,0.859472
147,1133.00,0.001,-7.092,11.0490,3.2404,40.2862,0.0000,0.0000,0.0000,0.0000,12.0861,0.6200,46.6795,0.0000,0.0000,0.3283,0.0000,0.0000,0.0000,0.0000,0.0000,0.0000,0.0000,0.0000,-177.604,-140.594,26.320,3.410,13.839,0.006518,0.125445,0.000000,0.000000,0.008731,0.859306
148,1132.00,0.001,-7.105,11.0654,3.2408,40.2827,0.0000,0.0000,0.0000,0.0000,12.0985,0.6278,46.6649,0.0000,0.0000,0.3261,0.0000,0.0000,0.0000,0.0000,0.0000,0.0000,0.0000,0.0000,-177.817,-140.794,26.349,3.414,13.857,0.006601,0.125585,0.000000,0.000000,0.008674,0.859140
149,1131.00,0.001,-7.117,11.0807,3.2413,40.2792,0.0000,0.0000,0.0000,0.0000,12.1107,0.6357,46.6505,0.0000,0.0000,0.3240,0.0000,0.0000,0.0000,0.0000,0.0000,0.0000,0.0000,0.0000,-178.013,-140.979,26.375,3.419,13.874,0.006683,0.125723,0.000000,0.000000,0.008617,0.858976
150,1130.00,0.001,-7.129,11.0949,3.2417,40.2757,0.0000,0.0000,0.0000,0.0000,12.1229,0.6434,46.6361,0.0000,0.0000,0.3218,0.0000,0.0000,0.0000,0.0000,0.0000,0.0000,0.0000,0.0000,-178.192,-141.151,26.398,3.423,13.889,0.006766,0.125860,0.000000,0.000000,0.008561,0.858812
151,1130.00,0.001,-7.129,11.0949,3.2417,40.2757,0.0000,0.0000,0.0000,0.0000,12.1229,0.6434,46.6361,0.0000,0.0000,0.3218,0.0000,0.0000,0.0000,0.0000,0.0000,0.0000,0.0000,0.0000,-178.192,-141.151,26.398,3.423,13.889,0.006766,0.125860,0.000000,0.000000,0.008561,0.858812
152,1129.00,0.001,-7.142,10.8183,3.2419,40.2748,0.0000,0.0000,0.0000,0.0000,12.1102,0.6621,46.6322,0.0000,0.0000,0.3207,0.0000,0.0000,0.0000,0.0000,0.0000,0.0000,0.0000,0.0000,-173.722,-137.643,25.731,3.337,13.541,0.006962,0.125732,0.000000,0.000000,0.008532,0.858775
153,1128.00,0.001,-7.154,10.6033,3.2421,40.2733,0.0000,0.0000,0.0000,0.0000,12.1025,0.6790,46.6258,0.0000,0.0000,0.3194,0.0000,0.0000,0.0000,0.0000,0.0000,0.0000,0.0000,0.0000,-170.236,-134.913,25.210,3.270,13.270,0.007140,0.125656,0.000000,0.000000,0.008497,0.858707
154,1127.00,0.001,-7.167,10.3961,3.2424,40.2717,0.0000,0.0000,0.0000,0.0000,12.0952,0.6961,46.6190,0.0000,0.0000,0.3181,0.0000,0.0000,0.0000,0.0000,0.0000,0.0000,0.0000,0.0000,-166.878,-132.283,24.708,3.206,13.009,0.007320,0.125585,0.000000,0.000000,0.008463,0.858631
155,1126.00,0.001,-7.179,10.1964,3.2427,40.2699,0.0000,0.0000,0.0000,0.0000,12.0882,0.7134,46.6116,0.0000,0.0000,0.3168,0.0000,0.0000,0.0000,0.0000,0.0000,0.0000,0.0000,0.0000,-163.641,-129.747,24.225,3.144,12.757,0.007502,0.125519,0.000000,0.000000,0.008429,0.858550
156,1125.00,0.001,-7.192,10.0040,3.2429,40.2681,0.0000,0.0000,0.0000,0.0000,12.0817,0.7309,46.6038,0.0000,0.0000,0.3156,0.0000,0.0000,0.0000,0.0000,0.0000,0.0000,0.0000,0.0000,-160.520,-127.302,23.759,3.085,12.515,0.007687,0.125456,0.000000,0.000000,0.008396,0.858461
157,1124.00,0.001,-7.204,9.8184,3.2432,40.2661,0.0000,0.0000,0.0000,0.0000,12.0755,0.7486,46.5955,0.0000,0.0000,0.3143,0.0000,0.0000,0.0000,0.0000,0.0000,0.0000,0.0000,0.0000,-157.510,-124.944,23.309,3.027,12.281,0.007874,0.125398,0.000000,0.000000,0.008363,0.858366
158,1123.00,0.001,-7.217,9.6394,3.2435,40.2641,0.0000,0.0000,0.0000,0.0000,12.0696,0.7665,46.5868,0.0000,0.0000,0.3130,0.0000,0.0000,0.0000,0.0000,0.0000,0.0000,0.0000,0.0000,-154.607,-122.669,22.876,2.972,12.055,0.008062,0.125343,0.000000,0.000000,0.008330,0.858265
159,1122.00,0.001,-7.229,9.4668,3.2438,40.2619,0.0000,0.0000,0.0000,0.0000,12.0641,0.7846,46.5776,0.0000,0.0000,0.3118,0.0000,0.0000,0.0000,0.0000,0.0000,0.0000,0.0000,0.0000,-151.806,-120.474,22.458,2.918,11.837,0.008253,0.125293,0.000000,0.000000,0.008297,0.858157
160,1121.00,0.001,-7.242,9.3002,3.2441,40.2597,0.0000,0.0000,0.0000,0.0000,12.0589,0.8029,46.5680,0.0000,0.0000,0.3105,0.0000,0.0000,0.0000,0.0000,0.0000,0.0000,0.0000,0.0000,-149.102,-118.355,22.054,2.867,11.627,0.008446,0.125246,0.000000,0.000000,0.008264,0.858044
161,1120.00,0.001,-7.254,9.1394,3.2444,40.2573,0.0000,0.0000,0.0000,0.0000,12.0540,0.8214,46.5579,0.0000,0.0000,0.3093,0.0000,0.0000,0.0000,0.0000,0.0000,0.0000,0.0000,0.0000,-146.492,-116.310,21.665,2.817,11.424,0.008641,0.125202,0.000000,0.000000,0.008232,0.857925
162,1120.00,0.001,-7.254,9.1394,3.2444,40.2573,0.0000,0.0000,0.0000,0.0000,12.0540,0.8214,46.5579,0.0000,0.0000,0.3093,0.0000,0.0000,0.0000,0.0000,0.0000,0.0000,0.0000,0.0000,-146.492,-116.310,21.665,2.817,11.424,0.008641,0.125202,0.000000,0.000000,0.008232,0.857925
163,1121.00,0.001,-7.242,9.3002,3.2441,40.2597,0.0000,0.0000,0.0000,0.0000,12.0589,0.8029,46.5680,0.0000,0.0000,0.3105,0.0000,0.0000,0.0000,0.0000,0.0000,0.0000,0.0000,0.0000,-149.102,-118.355,22.054,2.867,11.627,0.008446,0.125246,0.000000,0.000000,0.008264,0.858044
164,1122.00,0.001,-7.229,9.4668,3.2438,40.2619,0.0000,0.0000,0.0000,0.0000,12.0641,0.7846,46.5776,0.0000,0.0000,0.3118,0.0000,0.0000,0.0000,0.0000,0.0000,0.0000,0.0000,0.0000,-151.806,-120.474,22.458,2.918,11.837,0.008253,0.125293,0.000000,0.000000,0.008297,0.858157
165,1123.00,0.001,-7.217,9.6394,3.2435,40.2641,0.0000,0.0000,0.0000,0.0000,12.0696,0.7665,46.5868,0.0000,0.0000,0.3130,0.0000,0.0000,0.0000,0.0000,0.0000,0.0000,0.0000,0.0000,-154.607,-122.669,22.876,2.972,12.055,0.008062,0.125343,0.000000,0.000000,0.008330,0.858265
166,1124.00,0.001,-7.204,9.8184,3.2432,40.2661,0.0000,0.0000,0.0000,0.0000,12.0755,0.7486,46.5955,0.0000,0.0000,0.3143,0.0000,0.0000,0.0000,0.0000,0.0000,0.0000,0.0000,0.0000,-157.510,-124.944,23.309,3.027,12.281,0.007874,0.125398,0.000000,0.000000,0.008363,0.858366
167,1125.00,0.001,-7.192,10.0040,3.2429,40.2681,0.0000,0.0000,0.0000,0.0000,12.0817,0.7309,46.6038,0.0000,0.0000,0.3156,0.0000,0.0000,0.0000,0.0000,0.0000,0.0000,0.0000,0.0000,-160.520,-127.302,23.759,3.085,12.515,0.007687,0.125456,0.000000,0.000000,0.008396,0.858461
168,1125.00,0.001,-7.192,10.0040,3.2429,40.2681,0.0000,0.0000,0.0000,0.0000,12.0817,0.7309,46.6038,0.0000,0.0000,0.3156,0.0000,0.0000,0.0000,0.0000,0.0000,0.0000,0.0000,0.0000,-160.520,-127.302,23.759,3.085,12.515,0.007687,0.125456,0.000000,0.000000,0.008396,0.858461
169,1126.00,0.001,-7.179,10.1964,3.2427,40.2699,0.0000,0.0000,0.0000,0.0000,12.0882,0.7134,46.6116,0.0000,0.0000,0.3168,0.0000,0.0000,0.0000,0.0000,0.0000,0.0000,0.0000,0.0000,-163.641,-129.747,24.225,3.144,12.757,0.007502,0.125519,0.000000,0.000000,0.008429,0.858550
170,1127.00,0.001,-7.167,10.3961,3.2424,40.2717,0.0000,0.0000,0.0000,0.0000,12.0952,0.6961,46.6190,0.0000,0.0000,0.3181,0.0000,0.0000,0.0000,0.0000,0.0000,0.0000,0.0000,0.0000,-166.878,-132.283,24.708,3.206,13.009,0.007320,0.125585,0.000000,0.000000,0.008463,0.858631
171,1128.00,0.001,-7.154,10.6033,3.2421,40.2733,0.0000,0.0000,0.0000,0.0000,12.1025,0.6790,46.6258,0.0000,0.0000,0.3194,0.0000,0.0000,0.0000,0.0000,0.0000,0.0000,0.0000,0.0000,-170.236,-134.913,25.210,3.270,13.270,0.007140,0.125656,0.000000,0.000000,0.008497,0.858707
172,1128.00,0.001,-7.154,10.6033,3.2421,40.2733,0.0000,0.0000,0.0000,0.0000,12.1025,0.6790,46.6258,0.0000,0.0000,0.3194,0.0000,0.0000,0.0000,0.0000,0.0000,0.0000,0.0000,0.0000,-170.236,-134.913,25.210,3.270,13.270,0.007140,0.125656,0.000000,0.000000,0.008497,0.858707
173,1127.00,0.001,-7.167,10.3961,3.2424,40.2717,0.0000,0.0000,0.0000,0.0000,12.0952,0.6961,46.6190,0.0000,0.0000,0.3181,0.0000,0.0000,0.0000,0.0000,0.0000,0.0000,0.0000,0.0000,-166.878,-132.283,24.708,3.206,13.009,0.007320,0.125585,0.000000,0.000000,0.008463,0.858631
174,1126.00,0.001,-7.179,10.1964,3.2427,40.2699,0.0000,0.0000,0.0000,0.0000,12.0882,0.7134,46.6116,0.0000,0.0000,0.3168,0.0000,0.0000,0.0000,0.0000,0.0000,0.0000,0.0000,0.0000,-163.641,-129.747,24.225,3.144,12.757,0.007502,0.125519,0.000000,0.000000,0.008429,0.858550
175,1125.00,0.001,-7.192,10.0040,3.2429,40.2681,0.0000,0.0000,0.0000,0.0000,12.0817,0.7309,46.6038,0.0000,0.0000,0.3156,0.0000,0.0000,0.0000,0.0000,0.0000,0.0000,0.0000,0.0000,-160.520,-127.302,23.759,3.085,12.515,0.007687,0.125456,0.000000,0.000000,0.008396,0.858461
176,1124.00,0.001,-7.204,9.8184,3.2432,40.2661,0.0000,0.0000,0.0000,0.0000,12.0755,0.7486,46.5955,0.0000,0.0000,0.3143,0.0000,0.0000,0.0000,0.0000,0.0000,0.0000,0.0000,0.0000,-157.510,-124.944,23.309,3.027,12.281,0.007874,0.125398,0.000000,0.000000,0.008363,0.858366
177,1123.00,0.001,-7.217,9.6394,3.2435,40.2641,0.0000,0.0000,0.0000,0.0000,12.0696,0.7665,46.5868,0.0000,0.0000,0.3130,0.0000,0.0000,0.0000,0.0000,0.0000,0.0000,0.0000,0.0000,-154.607,-122.669,22.876,2.972,12.055,0.008062,0.125343,0.000000,0.000000,0.008330,0.858265
178,1122.00,0.001,-7.229,9.4668,3.2438,40.2619,0.0000,0.0000,0.0000,0.0000,12.0641,0.7846,46.5776,0.0000,0.0000,0.3118,0.0000,0.0000,0.0000,0.0000,0.0000,0.0000,0.0000,0.0000,-151.806,-120.474,22.458,2.918,11.837,0.008253,0.125293,0.000000,0.000000,0.008297,0.858157
179,1121.00,0.001,-7.242,9.3002,3.2441,40.2597,0.0000,0.0000,0.0000,0.0000,12.0589,0.8029,46.5680,0.0000,0.0000,0.3105,0.0000,0.0000,0.0000,0.0000,0.0000,0.0000,0.0000,0.0000,-149.102,-118.355,22.054,2.867,11.627,0.008446,0.125246,0.000000,0.000000,0.008264,0.858044
180,1120.00,0.001,-7.254,9.1394,3.2444,40.2573,0.0000,0.0000,0.0000,0.0000,12.0540,0.8214,46.5579,0.0000,0.0000,0.3093,0.0000,0.0000,0.0000,0.0000,0.0000,0.0000,0.0000,0.0000,-146.492,-116.310,21.665,2.817,11.424,0.008641,0.125202,0.000000,0.000000,0.008232,0.857925
181,1120.00,0.001,-7.254,9.1394,3.2444,40.2573,0.0000,0.0000,0.0000,0.0000,12.0540,0.8214,46.5579,0.0000,0.0000,0.3093,0.0000,0.0000,0.0000,0.0000,0.0000,0.0000,0.0000,0.0000,-146.492,-116.310,21.665,2.817,11.424,0.008641,0.125202,0.000000,0.000000,0.008232,0.857925
182,1119.00,0.001,-7.267,8.9841,3.2447,40.2549,0.0000,0.0000,0.0000,0.0000,12.0494,0.8401,46.5475,0.0000,0.0000,0.3081,0.0000,0.0000,0.0000,0.0000,0.0000,0.0000,0.0000,0.0000,-143.971,-114.334,21.289,2.769,11.228,0.008839,0.125162,0.000000,0.000000,0.008199,0.857800
183,1118.00,0.001,-7.280,8.8341,3.2450,40.2523,0.0000,0.0000,0.0000,0.0000,12.0452,0.8590,46.5367,0.0000,0.0000,0.3068,0.0000,0.0000,0.0000,0.0000,0.0000,0.0000,0.0000,0.0000,-141.536,-112.426,20.925,2.722,11.039,0.009038,0.125126,0.000000,0.000000,0.008167,0.857669
184,1117.00,0.001,-7.292,8.6892,3.2453,40.2497,0.0000,0.0000,0.0000,0.0000,12.0412,0.8780,46.5254,0.0000,0.0000,0.3056,0.0000,0.0000,0.0000,0.0000,0.0000,0.0000,0.0000,0.0000,-139.183,-110.581,20.574,2.677,10.856,0.009238,0.125093,0.000000,0.000000,0.008136,0.857533
185,1116.00,0.001,-7.305,8.5491,3.2456,40.2470,0.0000,0.0000,0.0000,0.0000,12.0375,0.8972,46.5139,0.0000,0.0000,0.3044,0.0000,0.0000,0.0000,0.0000,0.0000,0.0000,0.0000,0.0000,-136.908,-108.798,20.235,2.634,10.679,0.009441,0.125063,0.000000,0.000000,0.008104,0.857392
186,1115.00,0.001,-7.318,8.4138,3.2460,40.2442,0.0000,0.0000,0.0000,0.0000,12.0340,0.9166,46.5019,0.0000,0.0000,0.3032,0.0000,0.0000,0.0000,0.0000,0.0000,0.0000,0.0000,0.0000,-134.708,-107.074,19.907,2.592,10.508,0.009646,0.125036,0.000000,0.000000,0.008073,0.857246
187,1114.00,0.001,-7.330,8.2828,3.2463,40.2414,0.0000,0.0000,0.0000,0.0000,12.0309,0.9362,46.4896,0.0000,0.0000,0.3020,0.0000,0.0000,0.0000,0.0000,0.0000,0.0000,0.0000,0.0000,-132.581,-105.407,19.590,2.551,10.343,0.009852,0.125011,0.000000,0.000000,0.008041,0.857095
188,1113.00,0.001,-7.343,8.1562,3.2467,40.2384,0.0000,0.0000,0.0000,0.0000,12.0279,0.9559,46.4769,0.0000,0.0000,0.3008,0.0000,0.0000,0.0000,0.0000,0.0000,0.0000,0.0000,0.0000,-130.522,-103.793,19.283,2.512,10.183,0.010060,0.124990,0.000000,0.000000,0.008010,0.856939
189,1112.00,0.001,-7.356,8.0336,3.2470,40.2354,0.0000,0.0000,0.0000,0.0000,12.0252,0.9757,46.4640,0.0000,0.0000,0.2997,0.0000,0.0000,0.0000,0.0000,0.0000,0.0000,0.0000,0.0000,-128.530,-102.231,18.986,2.474,10.029,0.010270,0.124972,0.000000,0.000000,0.007979,0.856779
190,1111.00,0.001,-7.368,7.9150,3.2473,40.2323,0.0000,0.0000,0.0000,0.0000,12.0228,0.9958,46.4507,0.0000,0.0000,0.2985,0.0000,0.0000,0.0000,0.0000,0.0000,0.0000,0.0000,0.0000,-126.601,-100.719,18.698,2.437,9.879,0.010482,0.124956,0.000000,0.000000,0.007949,0.856614
191,1110.00,0.001,-7.381,7.8001,3.2477,40.2292,0.0000,0.0000,0.0000,0.0000,12.0205,1.0160,46.4370,0.0000,0.0000,0.2973,0.0000,0.0000,0.0000,0.0000,0.0000,0.0000,0.0000,0.0000,-124.733,-99.255,18.420,2.402,9.734,0.010695,0.124942,0.000000,0.000000,0.007918,0.856444
192,1110.00,0.001,-7.381,7.8001,3.2477,40.2292,0.0000,0.0000,0.0000,0.0000,12.0205,1.0160,46.4370,0.0000,0.0000,0.2973,0.0000,0.0000,0.0000,0.0000,0.0000,0.0000,0.0000,0.0000,-124.733,-99.255,18.420,2.402,9.734,0.010695,0.124942,0.000000,0.000000,0.007918,0.856444
193,1109.00,0.001,-7.394,7.6889,3.2481,40.2259,0.0000,0.0000,0.0000,0.0000,12.0185,1.0363,46.4231,0.0000,0.0000,0.2961,0.0000,0.0000,0.0000,0.0000,0.0000,0.0000,0.0000,0.0000,-122.923,-97.836,18.150,2.367,9.593,0.010910,0.124931,0.000000,0.000000,0.007888,0.856271
194,1108.00,0.001,-7.407,7.5811,3.2484,40.2226,0.0000,0.0000,0.0000,0.0000,12.0167,1.0568,46.4089,0.0000,0.0000,0.2950,0.0000,0.0000,0.0000,0.0000,0.0000,0.0000,0.0000,0.0000,-121.169,-96.461,17.889,2.334,9.457,0.011127,0.124923,0.000000,0.000000,0.007858,0.856093
195,1107.00,0.001,-7.420,7.4740,3.2488,40.2192,0.0000,0.0000,0.0000,0.0000,12.0150,1.0780,46.3940,0.0000,0.0000,0.2938,0.0000,0.0000,0.0000,0.0000,0.0000,0.0000,0.0000,0.0000,-119.426,-95.095,17.629,2.301,9.322,0.011351,0.124915,0.000000,0.000000,0.007827,0.855906
196,1106.00,0.001,-7.432,7.3602,3.2492,40.2153,0.0000,0.0000,0.0000,0.0000,12.0130,1.1018,46.3772,0.0000,0.0000,0.2927,0.0000,0.0000,0.0000,0.0000,0.0000,0.0000,0.0000,0.0000,-117.576,-93.642,17.354,2.265,9.178,0.011603,0.124907,0.000000,0.000000,0.007798,0.855692
197,1105.00,0.001,-7.445,7.2503,3.2496,40.2113,0.0000,0.0000,0.0000,0.0000,12.0114,1.1257,46.3600,0.0000,0.0000,0.2916,0.0000,0.0000,0.0000,0.0000,0.0000,0.0000,0.0000,0.0000,-115.789,-92.238,17.089,2.231,9.039,0.011856,0.124902,0.000000,0.000000,0.007769,0.855473
198,1105.00,0.001,-7.445,7.2503,3.2496,40.2113,0.0000,0.0000,0.0000,0.0000,12.0114,1.1257,46.3600,0.0000,0.0000,0.2916,0.0000,0.0000,0.0000,0.0000,0.0000,0.0000,0.0000,0.0000,-115.789,-92.238,17.089,2.231,9.039,0.011856,0.124902,0.000000,0.000000,0.007769,0.855473
199,1104.00,0.001,-7.458,7.1441,3.2500,40.2073,0.0000,0.0000,0.0000,0.0000,12.0099,1.1499,46.3425,0.0000,0.0000,0.2904,0.0000,0.0000,0.0000,0.0000,0.0000,0.0000,0.0000,0.0000,-114.060,-90.881,16.832,2.198,8.905,0.012112,0.124900,0.000000,0.000000,0.007739,0.855249
200,1103.00,0.001,-7.471,7.0413,3.2504,40.2031,0.0000,0.0000,0.0000,0.0000,12.0087,1.1742,46.3246,0.0000,0.0000,0.2893,0.0000,0.0000,0.0000,0.0000,0.0000,0.0000,0.0000,0.0000,-112.389,-89.568,16.583,2.166,8.775,0.012369,0.124900,0.000000,0.000000,0.007710,0.855020
201,1102.00,0.001,-7.484,6.9420,3.2508,40.1989,0.0000,0.0000,0.0000,0.0000,12.0078,1.1987,46.3064,0.0000,0.0000,0.2882,0.0000,0.0000,0.0000,0.0000,0.0000,0.0000,0.0000,0.0000,-110.771,-88.298,16.343,2.135,8.649,0.012628,0.124903,0.000000,0.000000,0.007681,0.854787
202,1101.00,0.001,-7.497,6.8458,3.2513,40.1947,0.0000,0.0000,0.0000,0.0000,12.0070,1.2233,46.2879,0.0000,0.0000,0.2871,0.0000,0.0000,0.0000,0.0000,0.0000,0.0000,0.0000,0.0000,-109.206,-87.068,16.110,2.106,8.528,0.012889,0.124909,0.000000,0.000000,0.007653,0.854549
203,1100.00,0.001,-7.510,6.7527,3.2517,40.1903,0.0000,0.0000,0.0000,0.0000,12.0065,1.2481,46.2690,0.0000,0.0000,0.2860,0.0000,0.0000,0.0000,0.0000,0.0000,0.0000,0.0000,0.0000,-107.690,-85.878,15.885,2.077,8.410,0.013152,0.124917,0.000000,0.000000,0.007624,0.854307
204,1100.00,0.001,-7.510,6.7527,3.2517,40.1903,0.0000,0.0000,0.0000,0.0000,12.0065,1.2481,46.2690,0.0000,0.0000,0.2860,0.0000,0.0000,0.0000,0.0000,0.0000,0.0000,0.0000,0.0000,-107.690,-85.878,15.885,2.077,8.410,0.013152,0.124917,0.000000,0.000000,0.007624,0.854307
205,1099.00,0.001,-7.523,6.6621,3.2521,40.1859,0.0000,0.0000,0.0000,0.0000,12.0062,1.2732,46.2498,0.0000,0.0000,0.2849,0.0000,0.0000,0.0000,0.0000,0.0000,0.0000,0.0000,0.0000,-106.213,-84.718,15.665,2.049,8.296,0.013418,0.124927,0.000000,0.000000,0.007596,0.854059
206,1098.00,0.001,-7.536,6.5742,3.2526,40.1814,0.0000,0.0000,0.0000,0.0000,12.0061,1.2985,46.2302,0.0000,0.0000,0.2838,0.0000,0.0000,0.0000,0.0000,0.0000,0.0000,0.0000,0.0000,-104.781,-83.594,15.453,2.021,8.184,0.013686,0.124940,0.000000,0.000000,0.007567,0.853806
207,1097.00,0.001,-7.549,6.4890,3.2530,40.1768,0.0000,0.0000,0.0000,0.0000,12.0061,1.3240,46.2104,0.0000,0.0000,0.2827,0.0000,0.0000,0.0000,0.0000,0.0000,0.0000,0.0000,0.0000,-103.393,-82.504,15.246,1.995,8.077,0.013956,0.124955,0.000000,0.000000,0.007539,0.853550
208,1096.00,0.001,-7.562,6.4065,3.2534,40.1722,0.0000,0.0000,0.0000,0.0000,12.0063,1.3495,46.1903,0.0000,0.0000,0.2816,0.0000,0.0000,0.0000,0.0000,0.0000,0.0000,0.0000,0.0000,-102.048,-81.447,15.046,1.969,7.972,0.014227,0.124972,0.000000,0.000000,0.007511,0.853290
209,1095.00,0.001,-7.575,6.3265,3.2539,40.1675,0.0000,0.0000,0.0000,0.0000,12.0068,1.3752,46.1700,0.0000,0.0000,0.2806,0.0000,0.0000,0.0000,0.0000,0.0000,0.0000,0.0000,0.0000,-100.743,-80.422,14.853,1.944,7.871,0.014500,0.124990,0.000000,0.000000,0.007483,0.853026
210,1094.00,0.001,-7.588,6.2488,3.2544,40.1627,0.0000,0.0000,0.0000,0.0000,12.0073,1.4011,46.1494,0.0000,0.0000,0.2795,0.0000,0.0000,0.0000,0.0000,0.0000,0.0000,0.0000,0.0000,-99.476,-79.428,14.664,1.920,7.773,0.014774,0.125011,0.000000,0.000000,0.007456,0.852759
211,1093.00,0.001,-7.601,6.1735,3.2548,40.1580,0.0000,0.0000,0.0000,0.0000,12.0081,1.4270,46.1285,0.0000,0.0000,0.2784,0.0000,0.0000,0.0000,0.0000,0.0000,0.0000,0.0000,0.0000,-98.247,-78.462,14.482,1.897,7.677,0.015049,0.125034,0.000000,0.000000,0.007428,0.852489
212,1092.00,0.001,-7.614,6.1003,3.2553,40.1531,0.0000,0.0000,0.0000,0.0000,12.0090,1.4531,46.1075,0.0000,0.0000,0.2774,0.0000,0.0000,0.0000,0.0000,0.0000,0.0000,0.0000,0.0000,-97.053,-77.525,14.305,1.874,7.585,0.015326,0.125058,0.000000,0.000000,0.007401,0.852215
213,1091.00,0.001,-7.627,6.0293,3.2557,40.1482,0.0000,0.0000,0.0000,0.0000,12.0100,1.4793,46.0862,0.0000,0.0000,0.2763,0.0000,0.0000,0.0000,0.0000,0.0000,0.0000,0.0000,0.0000,-95.894,-76.615,14.132,1.852,7.495,0.015604,0.125084,0.000000,0.000000,0.007373,0.851938
214,1090.00,0.001,-7.640,5.9603,3.2562,40.1433,0.0000,0.0000,0.0000,0.0000,12.0112,1.5056,46.0647,0.0000,0.0000,0.2752,0.0000,0.0000,0.0000,0.0000,0.0000,0.0000,0.0000,0.0000,-94.767,-75.730,13.965,1.830,7.407,0.015884,0.125112,0.000000,0.000000,0.007346,0.851658
215,1090.00,0.001,-7.640,5.9603,3.2562,40.1433,0.0000,0.0000,0.0000,0.0000,12.0112,1.5056,46.0647,0.0000,0.0000,0.2752,0.0000,0.0000,0.0000,0.0000,0.0000,0.0000,0.0000,0.0000,-94.767,-75.730,13.965,1.830,7.407,0.015884,0.125112,0.000000,0.000000,0.007346,0.851658
216,1089.00,0.001,-7.654,5.8933,3.2567,40.1383,0.0000,0.0000,0.0000,0.0000,12.0125,1.5320,46.0430,0.0000,0.0000,0.2742,0.0000,0.0000,0.0000,0.0000,0.0000,0.0000,0.0000,0.0000,-93.671,-74.870,13.802,1.810,7.323,0.016164,0.125141,0.000000,0.000000,0.007319,0.851375
217,1088.00,0.001,-7.667,5.8281,3.2571,40.1332,0.0000,0.0000,0.0000,0.0000,12.0139,1.5585,46.0212,0.0000,0.0000,0.2731,0.0000,0.0000,0.0000,0.0000,0.0000,0.0000,0.0000,0.0000,-92.606,-74.034,13.644,1.789,7.240,0.016446,0.125172,0.000000,0.000000,0.007292,0.851090
218,1087.00,0.001,-7.680,5.7647,3.2576,40.1282,0.0000,0.0000,0.0000,0.0000,12.0155,1.5851,45.9991,0.0000,0.0000,0.2721,0.0000,0.0000,0.0000,0.0000,0.0000,0.0000,0.0000,0.0000,-91.570,-73.221,13.490,1.770,7.160,0.016729,0.125204,0.000000,0.000000,0.007265,0.850802
219,1086.00,0.001,-7.693,5.7030,3.2581,40.1231,0.0000,0.0000,0.0000,0.0000,12.0172,1.6118,45.9769,0.0000,0.0000,0.2711,0.0000,0.0000,0.0000,0.0000,0.0000,0.0000,0.0000,0.0000,-90.562,-72.430,13.341,1.750,7.081,0.017013,0.125237,0.000000,0.000000,0.007238,0.850512
220,1085.00,0.001,-7.706,5.6430,3.2586,40.1179,0.0000,0.0000,0.0000,0.0000,12.0189,1.6386,45.9545,0.0000,0.0000,0.2700,0.0000,0.0000,0.0000,0.0000,0.0000,0.0000,0.0000,0.0000,-89.580,-71.660,13.195,1.732,7.005,0.017297,0.125272,0.000000,0.000000,0.007212,0.850219
221,1084.00,0.001,-7.720,5.5846,3.2590,40.1127,0.0000,0.0000,0.0000,0.0000,12.0208,1.6654,45.9320,0.0000,0.0000,0.2690,0.0000,0.0000,0.0000,0.0000,0.0000,0.0000,0.0000,0.0000,-88.625,-70.910,13.053,1.714,6.931,0.017583,0.125308,0.000000,0.000000,0.007185,0.849924
222,1083.00,0.001,-7.733,5.5277,3.2595,40.1075,0.0000,0.0000,0.0000,0.0000,12.0228,1.6924,45.9093,0.0000,0.0000,0.2680,0.0000,0.0000,0.0000,0.0000,0.0000,0.0000,0.0000,0.0000,-87.694,-70.179,12.915,1.696,6.859,0.017870,0.125345,0.000000,0.000000,0.007159,0.849626
223,1082.00,0.001,-7.746,5.4723,3.2600,40.1023,0.0000,0.0000,0.0000,0.0000,12.0249,1.7194,45.8865,0.0000,0.0000,0.2670,0.0000,0.0000,0.0000,0.0000,0.0000,0.0000,0.0000,0.0000,-86.786,-69.467,12.780,1.679,6.789,0.018158,0.125383,0.000000,0.000000,0.007132,0.849327
224,1081.00,0.001,-7.760,5.4183,3.2605,40.0970,0.0000,0.0000,0.0000,0.0000,12.0271,1.7464,45.8635,0.0000,0.0000,0.2659,0.0000,0.0000,0.0000,0.0000,0.0000,0.0000,0.0000,0.0000,-85.902,-68.774,12.649,1.662,6.720,0.018446,0.125423,0.000000,0.000000,0.007106,0.849025
225,1080.00,0.001,-7.773,5.3656,3.2610,40.0917,0.0000,0.0000,0.0000,0.0000,12.0294,1.7736,45.8404,0.0000,0.0000,0.2649,0.0000,0.0000,0.0000,0.0000,0.0000,0.0000,0.0000,0.0000,-85.040,-68.097,12.521,1.645,6.653,0.018735,0.125463,0.000000,0.000000,0.007080,0.848722
226,1080.00,0.001,-7.773,5.3656,3.2610,40.0917,0.0000,0.0000,0.0000,0.0000,12.0294,1.7736,45.8404,0.0000,0.0000,0.2649,0.0000,0.0000,0.0000,0.0000,0.0000,0.0000,0.0000,0.0000,-85.040,-68.097,12.521,1.645,6.653,0.018735,0.125463,0.000000,0.000000,0.007080,0.848722
227,1079.00,0.001,-7.786,5.3143,3.2615,40.0863,0.0000,0.0000,0.0000,0.0000,12.0318,1.8008,45.8172,0.0000,0.0000,0.2639,0.0000,0.0000,0.0000,0.0000,0.0000,0.0000,0.0000,0.0000,-84.199,-67.437,12.396,1.629,6.588,0.019025,0.125504,0.000000,0.000000,0.007054,0.848417
228,1078.00,0.001,-7.800,5.2642,3.2620,40.0810,0.0000,0.0000,0.0000,0.0000,12.0342,1.8281,45.7939,0.0000,0.0000,0.2629,0.0000,0.0000,0.0000,0.0000,0.0000,0.0000,0.0000,0.0000,-83.378,-66.794,12.274,1.614,6.525,0.019316,0.125547,0.000000,0.000000,0.007028,0.848110
229,1077.00,0.001,-7.813,5.2153,3.2625,40.0756,0.0000,0.0000,0.0000,0.0000,12.0367,1.8554,45.7704,0.0000,0.0000,0.2619,0.0000,0.0000,0.0000,0.0000,0.0000,0.0000,0.0000,0.0000,-82.577,-66.165,12.155,1.599,6.463,0.019607,0.125590,0.000000,0.000000,0.007002,0.847801
230,1076.00,0.001,-7.827,5.1676,3.2630,40.0702,0.0000,0.0000,0.0000,0.0000,12.0393,1.8828,45.7469,0.0000,0.0000,0.2609,0.0000,0.0000,0.0000,0.0000,0.0000,0.0000,0.0000,0.0000,-81.795,-65.552,12.039,1.584,6.402,0.019899,0.125634,0.000000,0.000000,0.006976,0.847491
231,1075.00,0.001,-7.840,5.1211,3.2635,40.0647,0.0000,0.0000,0.0000,0.0000,12.0420,1.9102,45.7232,0.0000,0.0000,0.2599,0.0000,0.0000,0.0000,0.0000,0.0000,0.0000,0.0000,0.0000,-81.031,-64.953,11.926,1.569,6.343,0.020192,0.125679,0.000000,0.000000,0.006950,0.847179
232,1074.00,0.001,-7.853,5.0756,3.2640,40.0593,0.0000,0.0000,0.0000,0.0000,12.0447,1.9377,45.6995,0.0000,0.0000,0.2589,0.0000,0.0000,0.0000,0.0000,0.0000,0.0000,0.0000,0.0000,-80.285,-64.368,11.815,1.555,6.285,0.020485,0.125725,0.000000,0.000000,0.006924,0.846866
233,1073.00,0.001,-7.867,5.0312,3.2645,40.0538,0.0000,0.0000,0.0000,0.0000,12.0475,1.9652,45.6756,0.0000,0.0000,0.2579,0.0000,0.0000,0.0000,0.0000,0.0000,0.0000,0.0000,0.0000,-79.556,-63.797,11.707,1.541,6.229,0.020778,0.125771,0.000000,0.000000,0.006899,0.846552
234,1072.00,0.001,-7.880,4.9878,3.2650,40.0483,0.0000,0.0000,0.0000,0.0000,12.0504,1.9927,45.6517,0.0000,0.0000,0.2569,0.0000,0.0000,0.0000,0.0000,0.0000,0.0000,0.0000,0.0000,-78.843,-63.238,11.601,1.528,6.173,0.021073,0.125818,0.000000,0.000000,0.006873,0.846236
235,1071.00,0.001,-7.894,4.9453,3.2655,40.0428,0.0000,0.0000,0.0000,0.0000,12.0533,2.0203,45.6277,0.0000,0.0000,0.2559,0.0000,0.0000,0.0000,0.0000,0.0000,0.0000,0.0000,0.0000,-78.147,-62.692,11.497,1.514,6.119,0.021367,0.125866,0.000000,0.000000,0.006848,0.845919
236,1070.00,0.001,-7.907,4.9038,3.2660,40.0372,0.0000,0.0000,0.0000,0.0000,12.0563,2.0480,45.6036,0.0000,0.0000,0.2549,0.0000,0.0000,0.0000,0.0000,0.0000,0.0000,0.0000,0.0000,-77.465,-62.158,11.396,1.501,6.067,0.021663,0.125915,0.000000,0.000000,0.006822,0.845600
237,1070.00,0.001,-7.907,4.9038,3.2660,40.0372,0.0000,0.0000,0.0000,0.0000,12.0563,2.0480,45.6036,0.0000,0.0000,0.2549,0.0000,0.0000,0.0000,0.0000,0.0000,0.0000,0.0000,0.0000,-77.465,-62.158,11.396,1.501,6.067,0.021663,0.125915,0.000000,0.000000,0.006822,0.845600
238,1069.00,0.001,-7.921,4.8633,3.2665,40.0317,0.0000,0.0000,0.0000,0.0000,12.0593,2.0756,45.5794,0.0000,0.0000,0.2540,0.0000,0.0000,0.0000,0.0000,0.0000,0.0000,0.0000,0.0000,-76.798,-61.636,11.297,1.489,6.015,0.021958,0.125964,0.000000,0.000000,0.006797,0.845281
239,1068.00,0.001,-7.935,4.8236,3.2670,40.0261,0.0000,0.0000,0.0000,0.0000,12.0624,2.1033,45.5552,0.0000,0.0000,0.2530,0.0000,0.0000,0.0000,0.0000,0.0000,0.0000,0.0000,0.0000,-76.146,-61.125,11.200,1.476,5.965,0.022254,0.126014,0.000000,0.000000,0.006772,0.844960
240,1067.00,0.001,-7.948,4.7847,3.2675,40.0205,0.0000,0.0000,0.0000,0.0000,12.0656,2.1310,45.5309,0.0000,0.0000,0.2520,0.0000,0.0000,0.0000,0.0000,0.0000,0.0000,0.0000,0.0000,-75.508,-60.624,11.106,1.4