Index,T (C),P (kbars),log(10) f O2,mass (gm),rho (gm/cc),wt% SiO2,wt% TiO2,wt% Al2O3,wt% Fe2O3,wt% Cr2O3,wt% FeO,wt% MnO,wt% MgO,wt% NiO,wt% CoO,wt% CaO,wt% Na2O,wt% K2O,wt% P2O5,wt% H2O,wt% CO2,wt% SO3,wt% Cl2O-1,wt% F2O-1,G (kJ),H (kJ),S (J/K),V (cc),Cp (J/K),     chromite,    hercynite,    magnetite,       spinel,   ulvospinel
85,1179.00,0.001,-6.542,0.2623,4.2807,0.0000,5.5028,12.8717,50.8061,0.0000,16.7571,0.0000,14.0623,0.0000,0.0000,0.0000,0.0000,0.0000,0.0000,0.0000,0.0000,0.0000,0.0000,0.0000,-2.694,-1.848,0.583,0.061,0.268,0.000000,-0.433812,0.619857,0.679770,0.134185
86,1178.00,0.001,-6.553,0.4025,4.2862,0.0000,5.5784,12.5832,50.9535,0.0000,16.9079,0.0000,13.9771,0.0000,0.0000,0.0000,0.0000,0.0000,0.0000,0.0000,0.0000,0.0000,0.0000,0.0000,-4.118,-2.822,0.893,0.094,0.411,0.000000,-0.436022,0.622822,0.676918,0.136282
87,1177.00,0.001,-6.565,0.5417,4.2916,0.0000,5.6526,12.3082,51.0894,0.0000,17.0544,0.0000,13.8953,0.0000,0.0000,0.0000,0.0000,0.0000,0.0000,0.0000,0.0000,0.0000,0.0000,0.0000,-5.522,-3.780,1.201,0.126,0.553,0.000000,-0.438114,0.625602,0.674168,0.138344
88,1176.00,0.001,-6.576,0.6797,4.2967,0.0000,5.7257,12.0457,51.2146,0.0000,17.1971,0.0000,13.8169,0.0000,0.0000,0.0000,0.0000,0.0000,0.0000,0.0000,0.0000,0.0000,0.0000,0.0000,-6.903,-4.721,1.506,0.158,0.692,0.000000,-0.440097,0.628212,0.671512,0.140374
89,1175.00,0.001,-6.588,0.8164,4.3016,0.0000,5.7977,11.7946,51.3302,0.0000,17.3360,0.0000,13.7415,0.0000,0.0000,0.0000,0.0000,0.0000,0.0000,0.0000,0.0000,0.0000,0.0000,0.0000,-8.262,-5.645,1.807,0.190,0.830,0.000000,-0.441980,0.630664,0.668944,0.142372
90,1174.00,0.001,-6.600,0.9517,4.3063,0.0000,5.8686,11.5541,51.4368,0.0000,17.4715,0.0000,13.6689,0.0000,0.0000,0.0000,0.0000,0.0000,0.0000,0.0000,0.0000,0.0000,0.0000,0.0000,-9.599,-6.553,2.105,0.221,0.967,0.000000,-0.443772,0.632972,0.666459,0.144341
91,1173.00,0.001,-6.611,1.0854,4.3109,0.0000,5.9385,11.3236,51.5353,0.0000,17.6038,0.0000,13.5989,0.0000,0.0000,0.0000,0.0000,0.0000,0.0000,0.0000,0.0000,0.0000,0.0000,0.0000,-10.913,-7.444,2.398,0.252,1.101,0.000000,-0.445478,0.635144,0.664053,0.146281
92,1172.00,0.001,-6.623,1.2176,4.3153,0.0000,6.0074,11.1022,51.6261,0.0000,17.7329,0.0000,13.5314,0.0000,0.0000,0.0000,0.0000,0.0000,0.0000,0.0000,0.0000,0.0000,0.0000,0.0000,-12.203,-8.318,2.688,0.282,1.234,0.000000,-0.447105,0.637191,0.661719,0.148194
93,1171.00,0.001,-6.635,1.3480,4.3196,0.0000,6.0754,10.8895,51.7098,0.0000,17.8592,0.0000,13.4662,0.0000,0.0000,0.0000,0.0000,0.0000,0.0000,0.0000,0.0000,0.0000,0.0000,0.0000,-13.470,-9.175,2.974,0.312,1.364,0.000000,-0.448658,0.639122,0.659455,0.150081
94,1170.00,0.001,-6.646,1.4767,4.3237,0.0000,6.1424,10.6848,51.7871,0.0000,17.9826,0.0000,13.4031,0.0000,0.0000,0.0000,0.0000,0.0000,0.0000,0.0000,0.0000,0.0000,0.0000,0.0000,-14.712,-10.015,3.255,0.342,1.493,0.000000,-0.450141,0.640943,0.657256,0.151942
95,1170.00,0.001,-6.646,1.4767,4.3237,0.0000,6.1424,10.6848,51.7871,0.0000,17.9826,0.0000,13.4031,0.0000,0.0000,0.0000,0.0000,0.0000,0.0000,0.0000,0.0000,0.0000,0.0000,0.0000,-14.712,-10.015,3.255,0.342,1.493,0.000000,-0.450141,0.640943,0.657256,0.151942
96,1171.00,0.001,-6.635,1.3480,4.3196,0.0000,6.0754,10.8895,51.7098,0.0000,17.8592,0.0000,13.4662,0.0000,0.0000,0.0000,0.0000,0.0000,0.0000,0.0000,0.0000,0.0000,0.0000,0.0000,-13.470,-9.175,2.974,0.312,1.364,0.000000,-0.448658,0.639122,0.659455,0.150081
97,1172.00,0.001,-6.623,1.2176,4.3153,0.0000,6.0074,11.1022,51.6261,0.0000,17.7329,0.0000,13.5314,0.0000,0.0000,0.0000,0.0000,0.0000,0.0000,0.0000,0.0000,0.0000,0.0000,0.0000,-12.203,-8.318,2.688,0.282,1.234,0.000000,-0.447105,0.637191,0.661719,0.148194
98,1173.00,0.001,-6.611,1.0854,4.3109,0.0000,5.9385,11.3236,51.5353,0.0000,17.6038,0.0000,13.5989,0.0000,0.0000,0.0000,0.0000,0.0000,0.0000,0.0000,0.0000,0.0000,0.0000,0.0000,-10.913,-7.444,2.398,0.252,1.101,0.000000,-0.445478,0.635144,0.664053,0.146281
99,1174.00,0.001,-6.600,0.9517,4.3063,0.0000,5.8686,11.5541,51.4368,0.0000,17.4715,0.0000,13.6689,0.0000,0.0000,0.0000,0.0000,0.0000,0.0000,0.0000,0.0000,0.0000,0.0000,0.0000,-9.599,-6.553,2.105,0.221,0.967,0.000000,-0.443772,0.632972,0.666459,0.144341
100,1175.00,0.001,-6.588,0.8164,4.3016,0.0000,5.7977,11.7946,51.3302,0.0000,17.3360,0.0000,13.7415,0.0000,0.0000,0.0000,0.0000,0.0000,0.0000,0.0000,0.0000,0.0000,0.0000,0.0000,-8.262,-5.645,1.807,0.190,0.830,0.000000,-0.441980,0.630664,0.668944,0.142372
101,1175.00,0.001,-6.588,0.8164,4.3016,0.0000,5.7977,11.7946,51.3302,0.0000,17.3360,0.0000,13.7415,0.0000,0.0000,0.0000,0.0000,0.0000,0.0000,0.0000,0.0000,0.0000,0.0000,0.0000,-8.262,-5.645,1.807,0.190,0.830,0.000000,-0.441980,0.630664,0.668944,0.142372
102,1174.00,0.001,-6.600,0.9517,4.3063,0.0000,5.8686,11.5541,51.4368,0.0000,17.4715,0.0000,13.6689,0.0000,0.0000,0.0000,0.0000,0.0000,0.0000,0.0000,0.0000,0.0000,0.0000,0.0000,-9.599,-6.553,2.105,0.221,0.967,0.000000,-0.443772,0.632972,0.666459,0.144341
103,1173.00,0.001,-6.611,1.0854,4.3109,0.0000,5.9385,11.3236,51.5353,0.0000,17.6038,0.0000,13.5989,0.0000,0.0000,0.0000,0.0000,0.0000,0.0000,0.0000,0.0000,0.0000,0.0000,0.0000,-10.913,-7.444,2.398,0.252,1.101,0.000000,-0.445478,0.635144,0.664053,0.146281
104,1172.00,0.001,-6.623,1.2176,4.3153,0.0000,6.0074,11.1022,51.6261,0.0000,17.7329,0.0000,13.5314,0.0000,0.0000,0.0000,0.0000,0.0000,0.0000,0.0000,0.0000,0.0000,0.0000,0.0000,-12.203,-8.318,2.688,0.282,1.234,0.000000,-0.447105,0.637191,0.661719,0.148194
105,1171.00,0.001,-6.635,1.3480,4.3196,0.0000,6.0754,10.8895,51.7098,0.0000,17.8592,0.0000,13.4662,0.0000,0.0000,0.0000,0.0000,0.0000,0.0000,0.0000,0.0000,0.0000,0.0000,0.0000,-13.470,-9.175,2.974,0.312,1.364,0.000000,-0.448658,0.639122,0.659455,0.150081
106,1170.00,0.001,-6.646,1.4767,4.3237,0.0000,6.1424,10.6848,51.7871,0.0000,17.9826,0.0000,13.4031,0.0000,0.0000,0.0000,0.0000,0.0000,0.0000,0.0000,0.0000,0.0000,0.0000,0.0000,-14.712,-10.015,3.255,0.342,1.493,0.000000,-0.450141,0.640943,0.657256,0.151942
107,1170.00,0.001,-6.646,1.4767,4.3237,0.0000,6.1424,10.6848,51.7871,0.0000,17.9826,0.0000,13.4031,0.0000,0.0000,0.0000,0.0000,0.0000,0.0000,0.0000,0.0000,0.0000,0.0000,0.0000,-14.712,-10.015,3.255,0.342,1.493,0.000000,-0.450141,0.640943,0.657256,0.151942
108,1169.00,0.001,-6.658,1.6035,4.3277,0.0000,6.2085,10.4876,51.8583,0.0000,18.1034,0.0000,13.3421,0.0000,0.0000,0.0000,0.0000,0.0000,0.0000,0.0000,0.0000,0.0000,0.0000,0.0000,-15.931,-10.838,3.532,0.371,1.619,0.000000,-0.451560,0.642663,0.655119,0.153778
109,1168.00,0.001,-6.670,1.7285,4.3315,0.0000,6.2738,10.2976,51.9239,0.0000,18.2217,0.0000,13.2830,0.0000,0.0000,0.0000,0.0000,0.0000,0.0000,0.0000,0.0000,0.0000,0.0000,0.0000,-17.126,-11.643,3.804,0.399,1.743,0.000000,-0.452917,0.644287,0.653040,0.155590
110,1167.00,0.001,-6.682,1.8516,4.3353,0.0000,6.3381,10.1142,51.9843,0.0000,18.3376,0.0000,13.2257,0.0000,0.0000,0.0000,0.0000,0.0000,0.0000,0.0000,0.0000,0.0000,0.0000,0.0000,-18.297,-12.432,4.072,0.427,1.865,0.000000,-0.454217,0.645823,0.651016,0.157379
111,1166.00,0.001,-6.694,1.9727,4.3389,0.0000,6.4017,9.9372,52.0399,0.0000,18.4512,0.0000,13.1701,0.0000,0.0000,0.0000,0.0000,0.0000,0.0000,0.0000,0.0000,0.0000,0.0000,0.0000,-19.444,-13.205,4.336,0.455,1.985,0.000000,-0.455463,0.647275,0.649044,0.159144
112,1165.00,0.001,-6.705,2.0918,4.3425,0.0000,6.4644,9.7660,52.0909,0.0000,18.5625,0.0000,13.1162,0.0000,0.0000,0.0000,0.0000,0.0000,0.0000,0.0000,0.0000,0.0000,0.0000,0.0000,-20.567,-13.960,4.594,0.482,2.103,0.000000,-0.456657,0.648649,0.647122,0.160886
113,1164.00,0.001,-6.717,2.2089,4.3459,0.0000,6.5263,9.6006,52.1377,0.0000,18.6718,0.0000,13.0637,0.0000,0.0000,0.0000,0.0000,0.0000,0.0000,0.0000,0.0000,0.0000,0.0000,0.0000,-21.667,-14.699,4.848,0.508,2.219,0.000000,-0.457802,0.649949,0.645247,0.162606
114,1163.00,0.001,-6.729,2.3240,4.3492,0.0000,6.5874,9.4404,52.1805,0.0000,18.7790,0.0000,13.0127,0.0000,0.0000,0.0000,0.0000,0.0000,0.0000,0.0000,0.0000,0.0000,0.0000,0.0000,-22.742,-15.422,5.097,0.534,2.332,0.000000,-0.458901,0.651181,0.643416,0.164304
115,1162.00,0.001,-6.741,2.4370,4.3525,0.0000,6.6476,9.2853,52.2197,0.0000,18.8842,0.0000,12.9631,0.0000,0.0000,0.0000,0.0000,0.0000,0.0000,0.0000,0.0000,0.0000,0.0000,0.0000,-23.795,-16.129,5.341,0.560,2.444,0.000000,-0.459956,0.652347,0.641628,0.165980
116,1161.00,0.001,-6.753,2.6304,4.3541,0.0000,6.7472,9.1705,52.1541,0.0000,18.9808,0.0000,12.9474,0.0000,0.0000,0.0000,0.0000,0.0000,0.0000,0.0000,0.0000,0.0000,0.0000,0.0000,-25.653,-17.389,5.763,0.604,2.636,0.000000,-0.461695,0.651906,0.641225,0.168564
117,1160.00,0.001,-6.765,2.8373,4.3553,0.0000,6.8563,9.0679,52.0607,0.0000,19.0741,0.0000,12.9410,0.0000,0.0000,0.0000,0.0000,0.0000,0.0000,0.0000,0.0000,0.0000,0.0000,0.0000,-27.648,-18.743,6.214,0.651,2.843,0.000000,-0.463593,0.651032,0.641195,0.171365
118,1160.00,0.001,-6.765,2.8373,4.3553,0.0000,6.8563,9.0679,52.0607,0.0000,19.0741,0.0000,12.9410,0.0000,0.0000,0.0000,0.0000,0.0000,0.0000,0.0000,0.0000,0.0000,0.0000,0.0000,-27.648,-18.743,6.214,0.651,2.843,0.000000,-0.463593,0.651032,0.641195,0.171365
119,1159.00,0.001,-6.777,3.0358,4.3564,0.0000,6.9643,8.9680,51.9665,0.0000,19.1662,0.0000,12.9350,0.0000,0.0000,0.0000,0.0000,0.0000,0.0000,0.0000,0.0000,0.0000,0.0000,0.0000,-29.559,-20.041,6.646,0.697,3.041,0.000000,-0.465459,0.650137,0.641180,0.174141
120,1158.00,0.001,-6.789,3.2264,4.3575,0.0000,7.0712,8.8706,51.8717,0.0000,19.2569,0.0000,12.9296,0.0000,0.0000,0.0000,0.0000,0.0000,0.0000,0.0000,0.0000,0.0000,0.0000,0.0000,-31.391,-21.285,7.061,0.740,3.230,0.000000,-0.467293,0.649225,0.641179,0.176889
121,1157.00,0.001,-6.800,3.4095,4.3585,0.0000,7.1770,8.7756,51.7764,0.0000,19.3465,0.0000,12.9245,0.0000,0.0000,0.0000,0.0000,0.0000,0.0000,0.0000,0.0000,0.0000,0.0000,0.0000,-33.147,-22.479,7.459,0.782,3.413,0.000000,-0.469094,0.648296,0.641189,0.179610
122,1156.00,0.001,-6.812,3.5854,4.3595,0.0000,7.2817,8.6830,51.6807,0.0000,19.4348,0.0000,12.9198,0.0000,0.0000,0.0000,0.0000,0.0000,0.0000,0.0000,0.0000,0.0000,0.0000,0.0000,-34.832,-23.626,7.841,0.822,3.587,0.000000,-0.470864,0.647353,0.641208,0.182302
123,1155.00,0.001,-6.824,3.7544,4.3605,0.0000,7.3853,8.5925,51.5847,0.0000,19.5220,0.0000,12.9154,0.0000,0.0000,0.0000,0.0000,0.0000,0.0000,0.0000,0.0000,0.0000,0.0000,0.0000,-36.449,-24.726,8.208,0.861,3.755,0.000000,-0.472600,0.646399,0.641236,0.184966
124,1154.00,0.001,-6.836,3.9169,4.3615,0.0000,7.4877,8.5043,51.4886,0.0000,19.6081,0.0000,12.9113,0.0000,0.0000,0.0000,0.0000,0.0000,0.0000,0.0000,0.0000,0.0000,0.0000,0.0000,-38.001,-25.784,8.561,0.898,3.917,0.000000,-0.474304,0.645434,0.641269,0.187600
125,1153.00,0.001,-6.848,4.0732,4.3624,0.0000,7.5889,8.4181,51.3924,0.0000,19.6931,0.0000,12.9074,0.0000,0.0000,0.0000,0.0000,0.0000,0.0000,0.0000,0.0000,0.0000,0.0000,0.0000,-39.491,-26.800,8.899,0.934,4.072,0.000000,-0.475974,0.644461,0.641308,0.190205
126,1152.00,0.001,-6.860,4.2236,4.3633,0.0000,7.6890,8.3340,51.2963,0.0000,19.7771,0.0000,12.9037,0.0000,0.0000,0.0000,0.0000,0.0000,0.0000,0.0000,0.0000,0.0000,0.0000,0.0000,-40.923,-27.776,9.225,0.968,4.221,0.000000,-0.477612,0.643482,0.641350,0.192780
127,1151.00,0.001,-6.872,4.3684,4.3642,0.0000,7.7878,8.2517,51.2003,0.0000,19.8600,0.0000,12.9002,0.0000,0.0000,0.0000,0.0000,0.0000,0.0000,0.0000,0.0000,0.0000,0.0000,0.0000,-42.299,-28.716,9.538,1.001,4.364,0.000000,-0.479216,0.642496,0.641394,0.195326
128,1150.00,0.001,-6.885,4.5077,4.3650,0.0000,7.8855,8.1714,51.1044,0.0000,19.9419,0.0000,12.8968,0.0000,0.0000,0.0000,0.0000,0.0000,0.0000,0.0000,0.0000,0.0000,0.0000,0.0000,-43.622,-29.620,9.839,1.033,4.502,0.000000,-0.480788,0.641507,0.641440,0.197841
129,1150.00,0.001,-6.885,4.5077,4.3650,0.0000,7.8855,8.1714,51.1044,0.0000,19.9419,0.0000,12.8968,0.0000,0.0000,0.0000,0.0000,0.0000,0.0000,0.0000,0.0000,0.0000,0.0000,0.0000,-43.622,-29.620,9.839,1.033,4.502,0.000000,-0.480788,0.641507,0.641440,0.197841
130,1149.00,0.001,-6.897,4.6419,4.3659,0.0000,7.9820,8.0928,51.0088,0.0000,20.0228,0.0000,12.8935,0.0000,0.0000,0.0000,0.0000,0.0000,0.0000,0.0000,0.0000,0.0000,0.0000,0.0000,-44.894,-30.490,10.128,1.063,4.635,0.000000,-0.482327,0.640515,0.641486,0.200326
131,1148.00,0.001,-6.909,4.7711,4.3667,0.0000,8.0772,8.0160,50.9136,0.0000,20.1028,0.0000,12.8904,0.0000,0.0000,0.0000,0.0000,0.0000,0.0000,0.0000,0.0000,0.0000,0.0000,0.0000,-46.117,-31.327,10.407,1.093,4.763,0.000000,-0.483833,0.639520,0.641531,0.202781
132,1147.00,0.001,-6.921,4.8956,4.3675,0.0000,8.1713,7.9409,50.8187,0.0000,20.1818,0.0000,12.8873,0.0000,0.0000,0.0000,0.0000,0.0000,0.0000,0.0000,0.0000,0.0000,0.0000,0.0000,-47.294,-32.134,10.675,1.121,4.886,0.000000,-0.485306,0.638525,0.641575,0.205206
133,1146.00,0.001,-6.933,5.0157,4.3683,0.0000,8.2642,7.8674,50.7242,0.0000,20.2600,0.0000,12.8842,0.0000,0.0000,0.0000,0.0000,0.0000,0.0000,0.0000,0.0000,0.0000,0.0000,0.0000,-48.427,-32.911,10.933,1.148,5.004,0.000000,-0.486747,0.637530,0.641617,0.207600
134,1145.00,0.001,-6.945,5.1314,4.3690,0.0000,8.3558,7.7956,50.6302,0.0000,20.3372,0.0000,12.8812,0.0000,0.0000,0.0000,0.0000,0.0000,0.0000,0.0000,0.0000,0.0000,0.0000,0.0000,-49.517,-33.660,11.181,1.174,5.118,0.000000,-0.488156,0.636535,0.641656,0.209964
135,1144.00,0.001,-6.957,5.2429,4.3698,0.0000,8.4463,7.7252,50.5366,0.0000,20.4136,0.0000,12.8782,0.0000,0.0000,0.0000,0.0000,0.0000,0.0000,0.0000,0.0000,0.0000,0.0000,0.0000,-50.566,-34.381,11.421,1.200,5.228,0.000000,-0.489533,0.635542,0.641692,0.212299
136,1143.00,0.001,-6.969,5.3505,4.3705,0.0000,8.5355,7.6564,50.4436,0.0000,20.4892,0.0000,12.8753,0.0000,0.0000,0.0000,0.0000,0.0000,0.0000,0.0000,0.0000,0.0000,0.0000,0.0000,-51.577,-35.077,11.651,1.224,5.334,0.000000,-0.490878,0.634552,0.641723,0.214603
137,1142.00,0.001,-6.982,5.4543,4.3712,0.0000,8.6236,7.5890,50.3512,0.0000,20.5639,0.0000,12.8723,0.0000,0.0000,0.0000,0.0000,0.0000,0.0000,0.0000,0.0000,0.0000,0.0000,0.0000,-52.551,-35.748,11.873,1.248,5.436,0.000000,-0.492191,0.633564,0.641750,0.216877
138,1141.00,0.001,-6.994,5.5545,4.3719,0.0000,8.7105,7.5230,50.2594,0.0000,20.6378,0.0000,12.8692,0.0000,0.0000,0.0000,0.0000,0.0000,0.0000,0.0000,0.0000,0.0000,0.0000,0.0000,-53.489,-36.395,12.088,1.270,5.535,0.000000,-0.493474,0.632579,0.641773,0.219122
139,1140.00,0.001,-7.006,5.6511,4.3726,0.0000,8.7963,7.4584,50.1682,0.0000,20.7109,0.0000,12.8662,0.0000,0.0000,0.0000,0.0000,0.0000,0.0000,0.0000,0.0000,0.0000,0.0000,0.0000,-54.392,-37.019,12.294,1.292,5.630,0.000000,-0.494725,0.631598,0.641790,0.221337
140,1140.00,0.001,-7.006,5.6511,4.3726,0.0000,8.7963,7.4584,50.1682,0.0000,20.7109,0.0000,12.8662,0.0000,0.0000,0.0000,0.0000,0.0000,0.0000,0.0000,0.0000,0.0000,0.0000,0.0000,-54.392,-37.019,12.294,1.292,5.630,0.000000,-0.494725,0.631598,0.641790,0.221337
141,1139.00,0.001,-7.018,5.7444,4.3733,0.0000,8.8809,7.3952,50.0777,0.0000,20.7832,0.0000,12.8631,0.0000,0.0000,0.0000,0.0000,0.0000,0.0000,0.0000,0.0000,0.0000,0.0000,0.0000,-55.263,-37.621,12.493,1.314,5.721,0.000000,-0.495946,0.630622,0.641801,0.223523
142,1138.00,0.001,-7.031,5.8344,4.3740,0.0000,8.9643,7.3332,49.9878,0.0000,20.8547,0.0000,12.8599,0.0000,0.0000,0.0000,0.0000,0.0000,0.0000,0.0000,0.0000,0.0000,0.0000,0.0000,-56.102,-38.203,12.684,1.334,5.809,0.000000,-0.497138,0.629650,0.641807,0.225680
143,1137.00,0.001,-7.043,5.9213,4.3747,0.0000,9.0466,7.2725,49.8987,0.0000,20.9256,0.0000,12.8567,0.0000,0.0000,0.0000,0.0000,0.0000,0.0000,0.0000,0.0000,0.0000,0.0000,0.0000,-56.911,-38.764,12.869,1.354,5.895,0.000000,-0.498299,0.628683,0.641807,0.227809
144,1136.00,0.001,-7.055,6.0053,4.3753,0.0000,9.1277,7.2130,49.8102,0.0000,20.9956,0.0000,12.8534,0.0000,0.0000,0.0000,0.0000,0.0000,0.0000,0.0000,0.0000,0.0000,0.0000,0.0000,-57.691,-39.305,13.047,1.373,5.977,0.000000,-0.499431,0.627722,0.641800,0.229908
145,1135.00,0.001,-7.067,6.0864,4.3760,0.0000,9.2077,7.1548,49.7224,0.0000,21.0650,0.0000,12.8501,0.0000,0.0000,0.0000,0.0000,0.0000,0.0000,0.0000,0.0000,0.0000,0.0000,0.0000,-58.442,-39.828,13.219,1.391,6.056,0.000000,-0.500534,0.626767,0.641787,0.231980
146,1134.00,0.001,-7.080,6.1647,4.3767,0.0000,9.2867,7.0977,49.6353,0.0000,21.1336,0.0000,12.8467,0.0000,0.0000,0.0000,0.0000,0.0000,0.0000,0.0000,0.0000,0.0000,0.0000,0.0000,-59.167,-40.333,13.385,1.409,6.133,0.000000,-0.501609,0.625817,0.641768,0.234024
147,1133.00,0.001,-7.092,6.2403,4.3773,0.0000,9.3645,7.0417,49.5490,0.0000,21.2016,0.0000,12.8432,0.0000,0.0000,0.0000,0.0000,0.0000,0.0000,0.0000,0.0000,0.0000,0.0000,0.0000,-59.866,-40.821,13.544,1.426,6.206,0.000000,-0.502655,0.624874,0.641741,0.236040
148,1132.00,0.001,-7.105,6.3134,4.3779,0.0000,9.4413,6.9869,49.4634,0.0000,21.2689,0.0000,12.8396,0.0000,0.0000,0.0000,0.0000,0.0000,0.0000,0.0000,0.0000,0.0000,0.0000,0.0000,-60.540,-41.292,13.698,1.442,6.278,0.000000,-0.503674,0.623936,0.641709,0.238029
149,1131.00,0.001,-7.117,6.3840,4.3786,0.0000,9.5170,6.9331,49.3785,0.0000,21.3355,0.0000,12.8359,0.0000,0.0000,0.0000,0.0000,0.0000,0.0000,0.0000,0.0000,0.0000,0.0000,0.0000,-61.190,-41.747,13.847,1.458,6.347,0.000000,-0.504666,0.623006,0.641669,0.239991
150,1130.00,0.001,-7.129,6.4522,4.3792,0.0000,9.5916,6.8804,49.2944,0.0000,21.4015,0.0000,12.8321,0.0000,0.0000,0.0000,0.0000,0.0000,0.0000,0.0000,0.0000,0.0000,0.0000,0.0000,-61.817,-42.186,13.990,1.473,6.413,0.000000,-0.505631,0.622082,0.641622,0.241927
151,1130.00,0.001,-7.129,6.4522,4.3792,0.0000,9.5916,6.8804,49.2944,0.0000,21.4015,0.0000,12.8321,0.0000,0.0000,0.0000,0.0000,0.0000,0.0000,0.0000,0.0000,0.0000,0.0000,0.0000,-61.817,-42.186,13.990,1.473,6.413,0.000000,-0.505631,0.622082,0.641622,0.241927
152,1129.00,0.001,-7.142,6.5475,4.3785,0.0000,9.6774,6.8445,49.1869,0.0000,21.4296,0.0000,12.8616,0.0000,0.0000,0.0000,0.0000,0.0000,0.0000,0.0000,0.0000,0.0000,0.0000,0.0000,-62.746,-42.844,14.194,1.495,6.508,0.000000,-0.507762,0.620664,0.643031,0.244067
153,1128.00,0.001,-7.154,6.6337,4.3782,0.0000,9.7588,6.8064,49.0867,0.0000,21.4643,0.0000,12.8839,0.0000,0.0000,0.0000,0.0000,0.0000,0.0000,0.0000,0.0000,0.0000,0.0000,0.0000,-63.579,-43.433,14.378,1.515,6.594,0.000000,-0.509612,0.619378,0.644123,0.246110
154,1127.00,0.001,-7.167,6.7162,4.3778,0.0000,9.8381,6.7689,48.9892,0.0000,21.4987,0.0000,12.9051,0.0000,0.0000,0.0000,0.0000,0.0000,0.0000,0.0000,0.0000,0.0000,0.0000,0.0000,-64.376,-43.999,14.553,1.534,6.676,0.000000,-0.511402,0.618131,0.645168,0.248103
155,1126.00,0.001,-7.179,6.7954,4.3775,0.0000,9.9153,6.7320,48.8944,0.0000,21.5329,0.0000,12.9254,0.0000,0.0000,0.0000,0.0000,0.0000,0.0000,0.0000,0.0000,0.0000,0.0000,0.0000,-65.140,-44.542,14.721,1.552,6.755,0.000000,-0.513133,0.616920,0.646166,0.250046
156,1125.00,0.001,-7.192,6.8713,4.3772,0.0000,9.9906,6.6957,48.8022,0.0000,21.5669,0.0000,12.9447,0.0000,0.0000,0.0000,0.0000,0.0000,0.0000,0.0000,0.0000,0.0000,0.0000,0.0000,-65.871,-45.064,14.882,1.570,6.830,0.000000,-0.514805,0.615746,0.647119,0.251941
157,1124.00,0.001,-7.204,6.9442,4.3769,0.0000,10.0640,6.6599,48.7125,0.0000,21.6006,0.0000,12.9630,0.0000,0.0000,0.0000,0.0000,0.0000,0.0000,0.0000,0.0000,0.0000,0.0000,0.0000,-66.572,-45.564,15.036,1.587,6.902,0.000000,-0.516422,0.614607,0.648027,0.253789
158,1123.00,0.001,-7.217,7.0141,4.3767,0.0000,10.1355,6.6247,48.6252,0.0000,21.6342,0.0000,12.9803,0.0000,0.0000,0.0000,0.0000,0.0000,0.0000,0.0000,0.0000,0.0000,0.0000,0.0000,-67.243,-46.045,15.184,1.603,6.972,0.000000,-0.517982,0.613502,0.648891,0.255590
159,1122.00,0.001,-7.229,7.0812,4.3765,0.0000,10.2052,6.5900,48.5404,0.0000,21.6676,0.0000,12.9968,0.0000,0.0000,0.0000,0.0000,0.0000,0.0000,0.0000,0.0000,0.0000,0.0000,0.0000,-67.887,-46.506,15.325,1.618,7.038,0.000000,-0.519489,0.612430,0.649712,0.257346
160,1121.00,0.001,-7.242,7.1455,4.3763,0.0000,10.2731,6.5559,48.4579,0.0000,21.7008,0.0000,13.0123,0.0000,0.0000,0.0000,0.0000,0.0000,0.0000,0.0000,0.0000,0.0000,0.0000,0.0000,-68.503,-46.949,15.460,1.633,7.102,0.000000,-0.520942,0.611392,0.650491,0.259059
161,1120.00,0.001,-7.254,7.2073,4.3762,0.0000,10.3392,6.5223,48.3777,0.0000,21.7338,0.0000,13.0270,0.0000,0.0000,0.0000,0.0000,0.0000,0.0000,0.0000,0.0000,0.0000,0.0000,0.0000,-69.094,-47.375,15.590,1.647,7.163,0.000000,-0.522344,0.610384,0.651230,0.260729
162,1120.00,0.001,-7.254,7.2073,4.3762,0.0000,10.3392,6.5223,48.3777,0.0000,21.7338,0.0000,13.0270,0.0000,0.0000,0.0000,0.0000,0.0000,0.0000,0.0000,0.0000,0.0000,0.0000,0.0000,-69.094,-47.375,15.590,1.647,7.163,0.000000,-0.522344,0.610384,0.651230,0.260729
163,1121.00,0.001,-7.242,7.1455,4.3763,0.0000,10.2731,6.5559,48.4579,0.0000,21.7008,0.0000,13.0123,0.0000,0.0000,0.0000,0.0000,0.0000,0.0000,0.0000,0.0000,0.0000,0.0000,0.0000,-68.503,-46.949,15.460,1.633,7.102,0.000000,-0.520942,0.611392,0.650491,0.259059
164,1122.00,0.001,-7.229,7.0812,4.3765,0.0000,10.2052,6.5900,48.5404,0.0000,21.6676,0.0000,12.9968,0.0000,0.0000,0.0000,0.0000,0.0000,0.0000,0.0000,0.0000,0.0000,0.0000,0.0000,-67.887,-46.506,15.325,1.618,7.038,0.000000,-0.519489,0.612430,0.649712,0.257346
165,1123.00,0.001,-7.217,7.0141,4.3767,0.0000,10.1355,6.6247,48.6252,0.0000,21.6342,0.0000,12.9803,0.0000,0.0000,0.0000,0.0000,0.0000,0.0000,0.0000,0.0000,0.0000,0.0000,0.0000,-67.243,-46.045,15.184,1.603,6.972,0.000000,-0.517982,0.613502,0.648891,0.255590
166,1124.00,0.001,-7.204,6.9442,4.3769,0.0000,10.0640,6.6599,48.7125,0.0000,21.6006,0.0000,12.9630,0.0000,0.0000,0.0000,0.0000,0.0000,0.0000,0.0000,0.0000,0.0000,0.0000,0.0000,-66.572,-45.564,15.036,1.587,6.902,0.000000,-0.516422,0.614607,0.648027,0.253789
167,1125.00,0.001,-7.192,6.8713,4.3772,0.0000,9.9906,6.6957,48.8022,0.0000,21.5669,0.0000,12.9447,0.0000,0.0000,0.0000,0.0000,0.0000,0.0000,0.0000,0.0000,0.0000,0.0000,0.0000,-65.871,-45.064,14.882,1.570,6.830,0.000000,-0.514805,0.615746,0.647119,0.251941
168,1125.00,0.001,-7.192,6.8713,4.3772,0.0000,9.9906,6.6957,48.8022,0.0000,21.5669,0.0000,12.9447,0.0000,0.0000,0.0000,0.0000,0.0000,0.0000,0.0000,0.0000,0.0000,0.0000,0.0000,-65.871,-45.064,14.882,1.570,6.830,0.000000,-0.514805,0.615746,0.647119,0.251941
169,1126.00,0.001,-7.179,6.7954,4.3775,0.0000,9.9153,6.7320,48.8944,0.0000,21.5329,0.0000,12.9254,0.0000,0.0000,0.0000,0.0000,0.0000,0.0000,0.0000,0.0000,0.0000,0.0000,0.0000,-65.140,-44.542,14.721,1.552,6.755,0.000000,-0.513133,0.616920,0.646166,0.250046
170,1127.00,0.001,-7.167,6.7162,4.3778,0.0000,9.8381,6.7689,48.9892,0.0000,21.4987,0.0000,12.9051,0.0000,0.0000,0.0000,0.0000,0.0000,0.0000,0.0000,0.0000,0.0000,0.0000,0.0000,-64.376,-43.999,14.553,1.534,6.676,0.000000,-0.511402,0.618131,0.645168,0.248103
171,1128.00,0.001,-7.154,6.6337,4.3782,0.0000,9.7588,6.8064,49.0867,0.0000,21.4643,0.0000,12.8839,0.0000,0.0000,0.0000,0.0000,0.0000,0.0000,0.0000,0.0000,0.0000,0.0000,0.0000,-63.579,-43.433,14.378,1.515,6.594,0.000000,-0.509612,0.619378,0.644123,0.246110
172,1128.00,0.001,-7.154,6.6337,4.3782,0.0000,9.7588,6.8064,49.0867,0.0000,21.4643,0.0000,12.8839,0.0000,0.0000,0.0000,0.0000,0.0000,0.0000,0.0000,0.0000,0.0000,0.0000,0.0000,-63.579,-43.433,14.378,1.515,6.594,0.000000,-0.509612,0.619378,0.644123,0.246110
173,1127.00,0.001,-7.167,6.7162,4.3778,0.0000,9.8381,6.7689,48.9892,0.0000,21.4987,0.0000,12.9051,0.0000,0.0000,0.0000,0.0000,0.0000,0.0000,0.0000,0.0000,0.0000,0.0000,0.0000,-64.376,-43.999,14.553,1.534,6.676,0.000000,-0.511402,0.618131,0.645168,0.248103
174,1126.00,0.001,-7.179,6.7954,4.3775,0.0000,9.9153,6.7320,48.8944,0.0000,21.5329,0.0000,12.9254,0.0000,0.0000,0.0000,0.0000,0.0000,0.0000,0.0000,0.0000,0.0000,0.0000,0.0000,-65.140,-44.542,14.721,1.552,6.755,0.000000,-0.513133,0.616920,0.646166,0.250046
175,1125.00,0.001,-7.192,6.8713,4.3772,0.0000,9.9906,6.6957,48.8022,0.0000,21.5669,0.0000,12.9447,0.0000,0.0000,0.0000,0.0000,0.0000,0.0000,0.0000,0.0000,0.0000,0.0000,0.0000,-65.871,-45.064,14.882,1.570,6.830,0.000000,-0.514805,0.615746,0.647119,0.251941
176,1124.00,0.001,-7.204,6.9442,4.3769,0.0000,10.0640,6.6599,48.7125,0.0000,21.6006,0.0000,12.9630,0.0000,0.0000,0.0000,0.0000,0.0000,0.0000,0.0000,0.0000,0.0000,0.0000,0.0000,-66.572,-45.564,15.036,1.587,6.902,0.000000,-0.516422,0.614607,0.648027,0.253789
177,1123.00,0.001,-7.217,7.0141,4.3767,0.0000,10.1355,6.6247,48.6252,0.0000,21.6342,0.0000,12.9803,0.0000,0.0000,0.0000,0.0000,0.0000,0.0000,0.0000,0.0000,0.0000,0.0000,0.0000,-67.243,-46.045,15.184,1.603,6.972,0.000000,-0.517982,0.613502,0.648891,0.255590
178,1122.00,0.001,-7.229,7.0812,4.3765,0.0000,10.2052,6.5900,48.5404,0.0000,21.6676,0.0000,12.9968,0.0000,0.0000,0.0000,0.0000,0.0000,0.0000,0.0000,0.0000,0.0000,0.0000,0.0000,-67.887,-46.506,15.325,1.618,7.038,0.000000,-0.519489,0.612430,0.649712,0.257346
179,1121.00,0.001,-7.242,7.1455,4.3763,0.0000,10.2731,6.5559,48.4579,0.0000,21.7008,0.0000,13.0123,0.0000,0.0000,0.0000,0.0000,0.0000,0.0000,0.0000,0.0000,0.0000,0.0000,0.0000,-68.503,-46.949,15.460,1.633,7.102,0.000000,-0.520942,0.611392,0.650491,0.259059
180,1120.00,0.001,-7.254,7.2073,4.3762,0.0000,10.3392,6.5223,48.3777,0.0000,21.7338,0.0000,13.0270,0.0000,0.0000,0.0000,0.0000,0.0000,0.0000,0.0000,0.0000,0.0000,0.0000,0.0000,-69.094,-47.375,15.590,1.647,7.163,0.000000,-0.522344,0.610384,0.651230,0.260729
181,1120.00,0.001,-7.254,7.2073,4.3762,0.0000,10.3392,6.5223,48.3777,0.0000,21.7338,0.0000,13.0270,0.0000,0.0000,0.0000,0.0000,0.0000,0.0000,0.0000,0.0000,0.0000,0.0000,0.0000,-69.094,-47.375,15.590,1.647,7.163,0.000000,-0.522344,0.610384,0.651230,0.260729
182,1119.00,0.001,-7.267,7.2667,4.3761,0.0000,10.4037,6.4892,48.2997,0.0000,21.7667,0.0000,13.0408,0.0000,0.0000,0.0000,0.0000,0.0000,0.0000,0.0000,0.0000,0.0000,0.0000,0.0000,-69.659,-47.784,15.714,1.661,7.222,0.000000,-0.523695,0.609408,0.651929,0.262358
183,1118.00,0.001,-7.280,7.3237,4.3760,0.0000,10.4664,6.4566,48.2238,0.0000,21.7994,0.0000,13.0538,0.0000,0.0000,0.0000,0.0000,0.0000,0.0000,0.0000,0.0000,0.0000,0.0000,0.0000,-70.202,-48.176,15.833,1.674,7.278,0.000000,-0.524996,0.608462,0.652589,0.263946
184,1117.00,0.001,-7.292,7.3784,4.3760,0.0000,10.5276,6.4245,48.1500,0.0000,21.8319,0.0000,13.0659,0.0000,0.0000,0.0000,0.0000,0.0000,0.0000,0.0000,0.0000,0.0000,0.0000,0.0000,-70.721,-48.553,15.946,1.686,7.332,0.000000,-0.526250,0.607544,0.653211,0.265494
185,1116.00,0.001,-7.305,7.4310,4.3759,0.0000,10.5872,6.3929,48.0782,0.0000,21.8643,0.0000,13.0773,0.0000,0.0000,0.0000,0.0000,0.0000,0.0000,0.0000,0.0000,0.0000,0.0000,0.0000,-71.219,-48.915,16.056,1.698,7.384,0.000000,-0.527456,0.606655,0.653796,0.267005
186,1115.00,0.001,-7.318,7.4815,4.3759,0.0000,10.6453,6.3618,48.0085,0.0000,21.8966,0.0000,13.0879,0.0000,0.0000,0.0000,0.0000,0.0000,0.0000,0.0000,0.0000,0.0000,0.0000,0.0000,-71.695,-49.263,16.160,1.710,7.433,0.000000,-0.528617,0.605794,0.654345,0.268478
187,1114.00,0.001,-7.330,7.5300,4.3759,0.0000,10.7019,6.3311,47.9406,0.0000,21.9287,0.0000,13.0977,0.0000,0.0000,0.0000,0.0000,0.0000,0.0000,0.0000,0.0000,0.0000,0.0000,0.0000,-72.152,-49.597,16.260,1.721,7.481,0.000000,-0.529732,0.604958,0.654860,0.269914
188,1113.00,0.001,-7.343,7.5766,4.3760,0.0000,10.7570,6.3009,47.8746,0.0000,21.9607,0.0000,13.1068,0.0000,0.0000,0.0000,0.0000,0.0000,0.0000,0.0000,0.0000,0.0000,0.0000,0.0000,-72.589,-49.918,16.356,1.731,7.527,0.000000,-0.530805,0.604149,0.655340,0.271315
189,1112.00,0.001,-7.356,7.6214,4.3760,0.0000,10.8107,6.2712,47.8104,0.0000,21.9925,0.0000,13.1152,0.0000,0.0000,0.0000,0.0000,0.0000,0.0000,0.0000,0.0000,0.0000,0.0000,0.0000,-73.008,-50.226,16.448,1.742,7.570,0.000000,-0.531835,0.603365,0.655787,0.272682
190,1111.00,0.001,-7.368,7.6644,4.3761,0.0000,10.8631,6.2419,47.7479,0.0000,22.0242,0.0000,13.1229,0.0000,0.0000,0.0000,0.0000,0.0000,0.0000,0.0000,0.0000,0.0000,0.0000,0.0000,-73.409,-50.522,16.536,1.751,7.612,0.000000,-0.532823,0.602605,0.656202,0.274016
191,1110.00,0.001,-7.381,7.7058,4.3762,0.0000,10.9141,6.2130,47.6872,0.0000,22.0558,0.0000,13.1299,0.0000,0.0000,0.0000,0.0000,0.0000,0.0000,0.0000,0.0000,0.0000,0.0000,0.0000,-73.793,-50.806,16.620,1.761,7.653,0.000000,-0.533771,0.601869,0.656586,0.275316
192,1110.00,0.001,-7.381,7.7058,4.3762,0.0000,10.9141,6.2130,47.6872,0.0000,22.0558,0.0000,13.1299,0.0000,0.0000,0.0000,0.0000,0.0000,0.0000,0.0000,0.0000,0.0000,0.0000,0.0000,-73.793,-50.806,16.620,1.761,7.653,0.000000,-0.533771,0.601869,0.656586,0.275316
193,1109.00,0.001,-7.394,7.7455,4.3763,0.0000,10.9638,6.1846,47.6281,0.0000,22.0872,0.0000,13.1362,0.0000,0.0000,0.0000,0.0000,0.0000,0.0000,0.0000,0.0000,0.0000,0.0000,0.0000,-74.161,-51.079,16.700,1.770,7.692,0.000000,-0.534680,0.601155,0.656940,0.276585
194,1108.00,0.001,-7.407,7.7837,4.3765,0.0000,11.0123,6.1566,47.5706,0.0000,22.1186,0.0000,13.1420,0.0000,0.0000,0.0000,0.0000,0.0000,0.0000,0.0000,0.0000,0.0000,0.0000,0.0000,-74.513,-51.341,16.777,1.779,7.729,0.000000,-0.535551,0.600464,0.657263,0.277823
195,1107.00,0.001,-7.420,7.8214,4.3766,0.0000,11.0615,6.1286,47.5117,0.0000,22.1502,0.0000,13.1480,0.0000,0.0000,0.0000,0.0000,0.0000,0.0000,0.0000,0.0000,0.0000,0.0000,0.0000,-74.860,-51.600,16.853,1.787,7.765,0.000000,-0.536433,0.599753,0.657600,0.279080
196,1106.00,0.001,-7.432,7.8612,4.3766,0.0000,11.1173,6.0998,47.4426,0.0000,22.1833,0.0000,13.1569,0.0000,0.0000,0.0000,0.0000,0.0000,0.0000,0.0000,0.0000,0.0000,0.0000,0.0000,-75.233,-51.878,16.934,1.796,7.804,0.000000,-0.537466,0.598901,0.658067,0.280498
197,1105.00,0.001,-7.445,7.8993,4.3767,0.0000,11.1716,6.0715,47.3756,0.0000,22.2163,0.0000,13.1650,0.0000,0.0000,0.0000,0.0000,0.0000,0.0000,0.0000,0.0000,0.0000,0.0000,0.0000,-75.588,-52.144,17.011,1.805,7.841,0.000000,-0.538454,0.598076,0.658499,0.281879
198,1105.00,0.001,-7.445,7.8993,4.3767,0.0000,11.1716,6.0715,47.3756,0.0000,22.2163,0.0000,13.1650,0.0000,0.0000,0.0000,0.0000,0.0000,0.0000,0.0000,0.0000,0.0000,0.0000,0.0000,-75.588,-52.144,17.011,1.805,7.841,0.000000,-0.538454,0.598076,0.658499,0.281879
199,1104.00,0.001,-7.458,7.9357,4.3768,0.0000,11.2245,6.0436,47.3104,0.0000,22.2492,0.0000,13.1724,0.0000,0.0000,0.0000,0.0000,0.0000,0.0000,0.0000,0.0000,0.0000,0.0000,0.0000,-75.927,-52.399,17.085,1.813,7.877,0.000000,-0.539397,0.597278,0.658895,0.283223
200,1103.00,0.001,-7.471,7.9706,4.3769,0.0000,11.2759,6.0161,47.2470,0.0000,22.2820,0.0000,13.1790,0.0000,0.0000,0.0000,0.0000,0.0000,0.0000,0.0000,0.0000,0.0000,0.0000,0.0000,-76.249,-52.642,17.154,1.821,7.911,0.000000,-0.540296,0.596506,0.659257,0.284534
201,1102.00,0.001,-7.484,8.0039,4.3770,0.0000,11.3259,5.9891,47.1855,0.0000,22.3146,0.0000,13.1850,0.0000,0.0000,0.0000,0.0000,0.0000,0.0000,0.0000,0.0000,0.0000,0.0000,0.0000,-76.556,-52.874,17.221,1.829,7.943,0.000000,-0.541154,0.595758,0.659586,0.285810
202,1101.00,0.001,-7.497,8.0359,4.3771,0.0000,11.3746,5.9624,47.1256,0.0000,22.3472,0.0000,13.1902,0.0000,0.0000,0.0000,0.0000,0.0000,0.0000,0.0000,0.0000,0.0000,0.0000,0.0000,-76.847,-53.096,17.284,1.836,7.974,0.000000,-0.541971,0.595034,0.659883,0.287054
203,1100.00,0.001,-7.510,8.0664,4.3773,0.0000,11.4220,5.9362,47.0674,0.0000,22.3796,0.0000,13.1947,0.0000,0.0000,0.0000,0.0000,0.0000,0.0000,0.0000,0.0000,0.0000,0.0000,0.0000,-77.125,-53.309,17.344,1.843,8.003,0.000000,-0.542749,0.594333,0.660149,0.288267
204,1100.00,0.001,-7.510,8.0664,4.3773,0.0000,11.4220,5.9362,47.0674,0.0000,22.3796,0.0000,13.1947,0.0000,0.0000,0.0000,0.0000,0.0000,0.0000,0.0000,0.0000,0.0000,0.0000,0.0000,-77.125,-53.309,17.344,1.843,8.003,0.000000,-0.542749,0.594333,0.660149,0.288267
205,1099.00,0.001,-7.523,8.0958,4.3774,0.0000,11.4686,5.9103,47.0102,0.0000,22.4121,0.0000,13.1989,0.0000,0.0000,0.0000,0.0000,0.0000,0.0000,0.0000,0.0000,0.0000,0.0000,0.0000,-77.391,-53.513,17.402,1.849,8.032,0.000000,-0.543499,0.593645,0.660394,0.289460
206,1098.00,0.001,-7.536,8.1239,4.3776,0.0000,11.5140,5.8849,46.9543,0.0000,22.4444,0.0000,13.2024,0.0000,0.0000,0.0000,0.0000,0.0000,0.0000,0.0000,0.0000,0.0000,0.0000,0.0000,-77.645,-53.708,17.457,1.856,8.059,0.000000,-0.544213,0.592977,0.660611,0.290624
207,1097.00,0.001,-7.549,8.1509,4.3779,0.0000,11.5582,5.8598,46.9000,0.0000,22.4767,0.0000,13.2053,0.0000,0.0000,0.0000,0.0000,0.0000,0.0000,0.0000,0.0000,0.0000,0.0000,0.0000,-77.885,-53.895,17.509,1.862,8.084,0.000000,-0.544890,0.592331,0.660800,0.291760
208,1096.00,0.001,-7.562,8.1766,4.3781,0.0000,11.6013,5.8350,46.8472,0.0000,22.5089,0.0000,13.2076,0.0000,0.0000,0.0000,0.0000,0.0000,0.0000,0.0000,0.0000,0.0000,0.0000,0.0000,-78.114,-54.073,17.559,1.868,8.109,0.000000,-0.545532,0.591704,0.660961,0.292867
209,1095.00,0.001,-7.575,8.2013,4.3783,0.0000,11.6433,5.8107,46.7958,0.0000,22.5409,0.0000,13.2093,0.0000,0.0000,0.0000,0.0000,0.0000,0.0000,0.0000,0.0000,0.0000,0.0000,0.0000,-78.331,-54.243,17.606,1.873,8.132,0.000000,-0.546140,0.591097,0.661095,0.293947
210,1094.00,0.001,-7.588,8.2248,4.3786,0.0000,11.6841,5.7867,46.7458,0.0000,22.5729,0.0000,13.2105,0.0000,0.0000,0.0000,0.0000,0.0000,0.0000,0.0000,0.0000,0.0000,0.0000,0.0000,-78.537,-54.406,17.651,1.878,8.155,0.000000,-0.546714,0.590509,0.661204,0.295001
211,1093.00,0.001,-7.601,8.2474,4.3789,0.0000,11.7239,5.7631,46.6971,0.0000,22.6047,0.0000,13.2112,0.0000,0.0000,0.0000,0.0000,0.0000,0.0000,0.0000,0.0000,0.0000,0.0000,0.0000,-78.733,-54.561,17.693,1.883,8.176,0.000000,-0.547257,0.589940,0.661288,0.296029
212,1092.00,0.001,-7.614,8.2689,4.3792,0.0000,11.7627,5.7399,46.6496,0.0000,22.6365,0.0000,13.2113,0.0000,0.0000,0.0000,0.0000,0.0000,0.0000,0.0000,0.0000,0.0000,0.0000,0.0000,-78.918,-54.709,17.734,1.888,8.196,0.000000,-0.547767,0.589388,0.661348,0.297032
213,1091.00,0.001,-7.627,8.2895,4.3795,0.0000,11.8004,5.7170,46.6035,0.0000,22.6682,0.0000,13.2109,0.0000,0.0000,0.0000,0.0000,0.0000,0.0000,0.0000,0.0000,0.0000,0.0000,0.0000,-79.093,-54.850,17.772,1.893,8.215,0.000000,-0.548247,0.588853,0.661384,0.298010
214,1090.00,0.001,-7.640,8.3092,4.3798,0.0000,11.8373,5.6944,46.5585,0.0000,22.6998,0.0000,13.2101,0.0000,0.0000,0.0000,0.0000,0.0000,0.0000,0.0000,0.0000,0.0000,0.0000,0.0000,-79.259,-54.984,17.808,1.897,8.234,0.000000,-0.548698,0.588335,0.661398,0.298965
215,1090.00,0.001,-7.640,8.3092,4.3798,0.0000,11.8373,5.6944,46.5585,0.0000,22.6998,0.0000,13.2101,0.0000,0.0000,0.0000,0.0000,0.0000,0.0000,0.0000,0.0000,0.0000,0.0000,0.0000,-79.259,-54.984,17.808,1.897,8.234,0.000000,-0.548698,0.588335,0.661398,0.298965
216,1089.00,0.001,-7.654,8.3281,4.3802,0.0000,11.8731,5.6722,46.5147,0.0000,22.7312,0.0000,13.2088,0.0000,0.0000,0.0000,0.0000,0.0000,0.0000,0.0000,0.0000,0.0000,0.0000,0.0000,-79.416,-55.112,17.842,1.901,8.251,0.000000,-0.549120,0.587833,0.661390,0.299897
217,1088.00,0.001,-7.667,8.3461,4.3806,0.0000,11.9081,5.6503,46.4720,0.0000,22.7626,0.0000,13.2070,0.0000,0.0000,0.0000,0.0000,0.0000,0.0000,0.0000,0.0000,0.0000,0.0000,0.0000,-79.564,-55.234,17.875,1.905,8.268,0.000000,-0.549514,0.587347,0.661360,0.300807
218,1087.00,0.001,-7.680,8.3632,4.3809,0.0000,11.9421,5.6287,46.4305,0.0000,22.7939,0.0000,13.2048,0.0000,0.0000,0.0000,0.0000,0.0000,0.0000,0.0000,0.0000,0.0000,0.0000,0.0000,-79.704,-55.350,17.905,1.909,8.283,0.000000,-0.549881,0.586876,0.661310,0.301695
219,1086.00,0.001,-7.693,8.3797,4.3813,0.0000,11.9753,5.6074,46.3900,0.0000,22.8251,0.0000,13.2021,0.0000,0.0000,0.0000,0.0000,0.0000,0.0000,0.0000,0.0000,0.0000,0.0000,0.0000,-79.836,-55.461,17.934,1.913,8.298,0.000000,-0.550222,0.586419,0.661240,0.302562
220,1085.00,0.001,-7.706,8.3954,4.3817,0.0000,12.0077,5.5865,46.3505,0.0000,22.8563,0.0000,13.1991,0.0000,0.0000,0.0000,0.0000,0.0000,0.0000,0.0000,0.0000,0.0000,0.0000,0.0000,-79.961,-55.566,17.962,1.916,8.313,0.000000,-0.550537,0.585977,0.661151,0.303409
221,1084.00,0.001,-7.720,8.4104,4.3821,0.0000,12.0392,5.5658,46.3120,0.0000,22.8873,0.0000,13.1956,0.0000,0.0000,0.0000,0.0000,0.0000,0.0000,0.0000,0.0000,0.0000,0.0000,0.0000,-80.078,-55.666,17.988,1.919,8.326,0.000000,-0.550827,0.585548,0.661043,0.304236
222,1083.00,0.001,-7.733,8.4247,4.3826,0.0000,12.0700,5.5455,46.2745,0.0000,22.9182,0.0000,13.1918,0.0000,0.0000,0.0000,0.0000,0.0000,0.0000,0.0000,0.0000,0.0000,0.0000,0.0000,-80.188,-55.761,18.012,1.922,8.339,0.000000,-0.551093,0.585132,0.660917,0.305044
223,1082.00,0.001,-7.746,8.4383,4.3830,0.0000,12.1000,5.5254,46.2380,0.0000,22.9491,0.0000,13.1876,0.0000,0.0000,0.0000,0.0000,0.0000,0.0000,0.0000,0.0000,0.0000,0.0000,0.0000,-80.291,-55.851,18.035,1.925,8.351,0.000000,-0.551336,0.584730,0.660773,0.305833
224,1081.00,0.001,-7.760,8.4513,4.3834,0.0000,12.1292,5.5056,46.2024,0.0000,22.9798,0.0000,13.1830,0.0000,0.0000,0.0000,0.0000,0.0000,0.0000,0.0000,0.0000,0.0000,0.0000,0.0000,-80.387,-55.937,18.056,1.928,8.363,0.000000,-0.551555,0.584340,0.660612,0.306603
225,1080.00,0.001,-7.773,8.4638,4.3839,0.0000,12.1577,5.4861,46.1676,0.0000,23.0105,0.0000,13.1781,0.0000,0.0000,0.0000,0.0000,0.0000,0.0000,0.0000,0.0000,0.0000,0.0000,0.0000,-80.478,-56.018,18.076,1.931,8.373,0.000000,-0.551753,0.583962,0.660435,0.307356
226,1080.00,0.001,-7.773,8.4638,4.3839,0.0000,12.1577,5.4861,46.1676,0.0000,23.0105,0.0000,13.1781,0.0000,0.0000,0.0000,0.0000,0.0000,0.0000,0.0000,0.0000,0.0000,0.0000,0.0000,-80.478,-56.018,18.076,1.931,8.373,0.000000,-0.551753,0.583962,0.660435,0.307356
227,1079.00,0.001,-7.786,8.4756,4.3844,0.0000,12.1855,5.4668,46.1338,0.0000,23.0411,0.0000,13.1728,0.0000,0.0000,0.0000,0.0000,0.0000,0.0000,0.0000,0.0000,0.0000,0.0000,0.0000,-80.562,-56.095,18.095,1.933,8.384,0.000000,-0.551929,0.583596,0.660241,0.308092
228,1078.00,0.001,-7.800,8.4869,4.3849,0.0000,12.2126,5.4478,46.1008,0.0000,23.0716,0.0000,13.1672,0.0000,0.0000,0.0000,0.0000,0.0000,0.0000,0.0000,0.0000,0.0000,0.0000,0.0000,-80.641,-56.168,18.113,1.935,8.393,0.000000,-0.552084,0.583242,0.660032,0.308811
229,1077.00,0.001,-7.813,8.4977,4.3854,0.0000,12.2390,5.4291,46.0686,0.0000,23.1020,0.0000,13.1613,0.0000,0.0000,0.0000,0.0000,0.0000,0.0000,0.0000,0.0000,0.0000,0.0000,0.0000,-80.714,-56.237,18.129,1.938,8.402,0.000000,-0.552218,0.582898,0.659807,0.309513
230,1076.00,0.001,-7.827,8.5079,4.3859,0.0000,12.2648,5.4106,46.0372,0.0000,23.1324,0.0000,13.1550,0.0000,0.0000,0.0000,0.0000,0.0000,0.0000,0.0000,0.0000,0.0000,0.0000,0.0000,-80.782,-56.302,18.144,1.940,8.411,0.000000,-0.552333,0.582566,0.659567,0.310200
231,1075.00,0.001,-7.840,8.5176,4.3864,0.0000,12.2899,5.3924,46.0065,0.0000,23.1626,0.0000,13.1485,0.0000,0.0000,0.0000,0.0000,0.0000,0.0000,0.0000,0.0000,0.0000,0.0000,0.0000,-80.844,-56.364,18.158,1.942,8.419,0.000000,-0.552428,0.582244,0.659314,0.310870
232,1074.00,0.001,-7.853,8.5269,4.3869,0.0000,12.3145,5.3744,45.9767,0.0000,23.1928,0.0000,13.1416,0.0000,0.0000,0.0000,0.0000,0.0000,0.0000,0.0000,0.0000,0.0000,0.0000,0.0000,-80.902,-56.422,18.172,1.944,8.427,0.000000,-0.552504,0.581933,0.659046,0.311526
233,1073.00,0.001,-7.867,8.5357,4.3874,0.0000,12.3384,5.3567,45.9475,0.0000,23.2229,0.0000,13.1345,0.0000,0.0000,0.0000,0.0000,0.0000,0.0000,0.0000,0.0000,0.0000,0.0000,0.0000,-80.954,-56.476,18.184,1.946,8.434,0.000000,-0.552562,0.581632,0.658764,0.312167
234,1072.00,0.001,-7.880,8.5441,4.3880,0.0000,12.3617,5.3392,45.9191,0.0000,23.2529,0.0000,13.1271,0.0000,0.0000,0.0000,0.0000,0.0000,0.0000,0.0000,0.0000,0.0000,0.0000,0.0000,-81.003,-56.528,18.195,1.947,8.441,0.000000,-0.552602,0.581340,0.658469,0.312793
235,1071.00,0.001,-7.894,8.5521,4.3885,0.0000,12.3844,5.3219,45.8914,0.0000,23.2829,0.0000,13.1194,0.0000,0.0000,0.0000,0.0000,0.0000,0.0000,0.0000,0.0000,0.0000,0.0000,0.0000,-81.046,-56.576,18.205,1.949,8.447,0.000000,-0.552625,0.581058,0.658161,0.313406
236,1070.00,0.001,-7.907,8.5596,4.3891,0.0000,12.4066,5.3048,45.8644,0.0000,23.3128,0.0000,13.1114,0.0000,0.0000,0.0000,0.0000,0.0000,0.0000,0.0000,0.0000,0.0000,0.0000,0.0000,-81.086,-56.621,18.214,1.950,8.453,0.000000,-0.552630,0.580786,0.657840,0.314004
237,1070.00,0.001,-7.907,8.5596,4.3891,0.0000,12.4066,5.3048,45.8644,0.0000,23.3128,0.0000,13.1114,0.0000,0.0000,0.0000,0.0000,0.0000,0.0000,0.0000,0.0000,0.0000,0.0000,0.0000,-81.086,-56.621,18.214,1.950,8.453,0.000000,-0.552630,0.580786,0.657840,0.314004
238,1069.00,0.001,-7.921,8.5668,4.3896,0.0000,12.4282,5.2879,45.8381,0.0000,23.3426,0.0000,13.1032,0.0000,0.0000,0.0000,0.0000,0.0000,0.0000,0.0000,0.0000,0.0000,0.0000,0.0000,-81.121,-56.663,18.223,1.952,8.458,0.000000,-0.552619,0.580522,0.657507,0.314590
239,1068.00,0.001,-7.935,8.5735,4.3902,0.0000,12.4493,5.2713,45.8124,0.0000,23.3723,0.0000,13.0947,0.0000,0.0000,0.0000,0.0000,0.0000,0.0000,0.0000,0.0000,0.0000,0.0000,0.0000,-81.153,-56.703,18.230,1.953,8.463,0.000000,-0.552591,0.580268,0.657162,0.315162
240,1067.00,0.001,-7.948,8.5800,4.3908,0.0000,12.4699,5.2548,45.7873,0.0000,23.4020,0.0000,13.0860,0.0000,0.0000,0.0000,0.0000,0.0000,0.0000,0.0000,0.0000,0.0000,0.0000,0.0000,-81.180,-56.739,18.237,1.954,8.468,0.000000,-0.552548,0.580022,0.656805,0.315721
241,1066.00,0.001,-7.962,8.5860,4.3914,0.0000,12.4899,5.2386,45.7629,0.0000,23.4316,0.0000,13.0770,0.0000,0.0000,0.0000,0.0000,0.0000,0.0000,0.0000,0.0000,0.0000,0.0000,0.0000,-81.204,-56.773,18.243,1.955,8.472,0.000000,-0.552489,0.579784,0.656437,0.316268
242,1065.00,0.001,-7.975,8.5917,4.3919,0.0000,12.5094,5.2225,45.7391,0.0000,23.4611,0.0000,13.0678,0.0000,0.0000,0.0000,0.0000,0.0000,0.0000,0.0000,0.0000,0.0000,0.0000,0.0000,-81.224,-56.805,18.249,1.956,8.476,0.000000,-0.552415,0.579555,0.656057,0.316803
243,1064.00,0.001,-7.989,8.5849,4.3930,0.0000,12.5063,5.2080,45.7507,0.0000,23.4885,0.0000,13.0465,0.0000,0.0000,0.0000,0.0000,0.0000,0.0000,0.0000,0.0000,0.0000,0.00